162 5206
121 0
131 0
159 0
149 0
53 1
81 2
104 3
125 4
90 5
125 5
97 6
109 7
144 8
38 9
92 10
89 10
112 11
57 12
102 13
39 14
154 14
120 14
113 15
49 15
45 16
156 17
87 18
38 19
124 20
39 21
97 21
49 22
138 23
39 24
48 25
81 26
52 27
143 28
81 28
45 29
38 30
132 31
104 32
53 32
76 33
128 33
115 34
143 35
52 36
119 37
134 37
122 37
81 38
76 39
143 40
89 41
127 42
138 43
104 44
52 45
104 46
123 47
38 48
45 49
97 50
160 51
96 52
98 53
132 54
138 55
52 56
157 57
77 58
58 59
38 60
56 61
62 61
120 61
147 62
84 63
143 64
119 65
86 66
82 66
81 67
76 67
58 68
111 69
154 69
58 70
148 70
71 70
82 70
36 70
92 71
74 72
44 73
122 74
41 75
79 76
142 77
157 78
115 79
83 79
53 79
132 80
86 81
72 82
90 83
89 84
42 85
45 86
69 87
50 87
96 87
126 87
101 87
100 87
68 88
65 89
45 90
99 91
77 92
87 93
92 94
142 95
120 96
160 97
38 98
58 99
51 100
67 100
72 101
52 102
76 103
86 104
143 105
97 106
111 107
144 108
103 108
128 108
76 108
52 109
131 110
92 111
74 112
107 113
53 114
82 114
48 115
161 116
96 117
101 118
81 119
70 120
96 120
115 120
97 120
61 120
118 120
62 121
161 122
58 123
64 124
132 125
76 125
41 126
57 126
78 126
153 127
128 128
77 128
45 128
133 128
128 129
92 130
101 130
126 130
89 130
100 130
80 130
81 131
155 131
101 131
84 132
64 133
99 134
102 135
122 136
58 137
78 138
77 139
47 140
40 141
121 141
69 141
47 141
136 141
91 141
161 141
58 142
41 143
145 144
65 145
121 145
77 146
161 147
112 148
128 148
112 149
97 149
58 149
131 150
89 151
103 152
132 153
79 154
76 155
160 156
111 157
53 158
52 159
76 160
123 160
45 161
52 162
37 162
48 162
79 162
52 163
53 164
61 165
51 165
48 165
79 166
97 167
92 168
142 169
142 170
38 171
49 172
65 173
52 174
52 175
47 176
81 177
90 178
45 178
92 179
48 180
119 181
134 181
58 182
76 183
52 184
90 185
108 186
143 187
125 188
103 189
83 190
46 190
38 190
142 191
51 192
131 192
159 192
142 193
106 194
51 194
123 195
132 196
141 197
160 198
89 199
81 200
52 201
116 202
38 203
41 203
136 204
97 205
158 205
49 206
45 207
71 208
81 208
127 209
160 210
161 210
67 210
140 211
52 212
134 213
135 214
158 214
87 215
123 216
58 217
116 218
141 219
92 220
119 220
143 221
77 222
103 222
133 222
115 223
46 224
58 224
52 225
61 225
58 226
95 227
114 227
83 228
151 229
90 230
119 231
99 232
143 233
103 234
79 234
52 235
157 236
120 237
130 237
36 237
58 237
97 237
44 237
96 237
69 237
125 238
52 239
74 240
126 241
161 241
123 242
126 243
66 243
62 243
134 243
132 244
49 244
138 245
39 245
160 246
142 247
81 248
52 249
142 250
101 251
55 252
98 252
72 253
123 254
127 255
39 256
52 257
97 258
52 259
89 260
58 261
146 262
96 262
79 263
49 263
92 264
122 265
81 266
128 267
45 267
52 268
121 269
120 269
45 270
143 270
65 271
90 272
83 273
55 273
92 274
143 275
89 276
38 277
157 278
102 278
45 279
77 280
160 281
150 281
161 281
115 282
53 282
83 282
90 283
45 284
58 284
89 285
72 286
89 287
41 288
38 288
143 289
58 289
141 290
157 291
143 292
145 293
96 294
123 295
71 295
66 295
156 295
124 295
36 295
89 296
72 297
157 298
64 299
142 299
116 299
115 300
92 301
141 302
142 302
123 302
160 303
138 304
39 305
87 306
123 307
92 308
65 309
123 310
60 311
72 312
161 313
86 314
120 314
118 315
123 316
58 317
72 318
41 319
38 319
150 320
36 320
103 320
103 321
127 322
52 323
107 324
81 325
74 326
161 327
143 328
161 329
143 330
78 331
161 332
142 333
134 334
119 334
77 335
132 336
76 337
148 338
123 339
53 339
52 340
52 341
52 342
57 343
123 344
160 345
79 346
52 347
97 348
87 349
58 349
71 349
71 350
87 351
143 352
52 352
74 353
96 354
113 355
142 356
37 357
90 357
51 357
45 357
52 358
132 359
132 360
153 361
104 362
52 363
143 364
160 365
123 365
75 366
133 366
78 366
161 366
154 367
146 367
76 368
47 369
49 370
104 371
83 372
113 372
71 372
46 373
107 374
160 375
142 376
105 377
39 378
97 378
89 378
49 379
77 380
76 381
159 382
39 383
101 384
92 384
143 385
45 386
58 387
83 388
45 389
124 390
51 390
71 390
88 390
156 390
129 390
46 391
142 391
71 392
153 393
45 394
122 395
132 395
145 396
86 396
38 397
74 398
121 399
161 399
74 400
65 400
45 401
98 402
92 403
99 404
143 405
160 406
143 407
96 408
49 409
108 410
92 411
115 412
83 412
53 412
71 412
45 413
50 414
109 414
156 414
151 415
92 416
92 417
152 418
38 419
41 419
78 420
62 421
120 422
47 422
45 423
89 424
60 425
123 426
48 427
118 428
76 429
49 430
160 431
87 432
57 433
115 433
39 434
140 435
97 436
123 437
74 438
133 438
51 439
146 440
116 441
64 441
93 442
161 442
74 443
161 444
54 444
111 444
136 444
58 445
52 446
97 447
140 448
159 449
111 449
131 449
156 449
54 449
156 450
93 450
71 450
79 451
134 452
45 452
70 453
103 454
74 455
157 456
141 457
71 458
75 458
148 458
58 458
108 458
61 458
78 458
106 458
156 458
36 458
120 459
124 460
115 461
53 462
82 462
45 463
83 464
157 465
107 466
150 467
159 468
159 469
76 469
45 470
98 471
59 471
100 471
78 472
103 472
123 473
47 474
145 475
132 476
38 477
39 478
97 478
129 479
159 479
152 479
139 479
136 479
111 479
74 480
107 481
70 482
145 483
61 484
45 484
161 485
119 485
134 485
116 486
134 487
101 487
159 487
52 488
48 489
97 490
140 490
107 491
77 491
97 492
107 493
140 494
161 495
119 495
119 496
148 497
38 497
112 498
133 499
121 500
161 500
131 501
161 501
147 502
115 502
58 503
115 504
107 504
41 505
115 505
58 505
106 505
52 506
76 507
48 508
79 509
42 510
160 510
128 511
141 512
83 513
79 514
134 515
89 516
65 516
138 517
52 518
123 519
92 520
52 521
158 522
83 523
160 524
107 525
77 525
143 526
129 527
50 527
49 527
89 528
87 529
141 530
46 531
161 532
45 533
157 534
134 535
38 535
103 536
161 537
126 537
48 538
120 539
139 540
157 541
160 542
58 543
26 544
28 544
13 544
21 544
4 544
22 544
24 544
92 545
83 546
92 547
126 548
113 549
147 550
45 551
36 552
78 552
111 552
94 552
148 552
147 552
77 552
41 553
143 554
89 554
58 554
107 555
147 556
115 556
84 557
113 557
81 558
89 558
71 559
53 559
93 559
92 560
71 561
118 561
70 561
52 562
122 563
128 563
92 564
76 565
38 566
39 566
58 566
148 566
38 567
77 568
89 569
92 569
122 570
128 570
71 571
85 571
51 571
58 572
52 573
148 574
49 574
71 575
82 575
143 576
132 577
90 578
138 579
90 580
96 581
52 582
108 583
148 584
136 584
143 585
138 586
52 587
78 588
77 588
161 589
146 590
93 590
71 590
57 591
52 592
79 593
142 593
129 594
50 594
67 594
91 594
45 594
137 594
104 595
81 595
155 595
52 596
133 597
71 598
149 599
66 600
156 600
62 600
125 601
70 601
51 602
123 603
138 604
38 605
97 606
115 607
161 608
45 609
45 610
133 610
93 610
78 610
45 611
155 611
123 612
92 613
141 614
103 615
78 615
143 616
124 617
83 618
52 619
134 620
73 621
52 622
109 623
121 623
66 623
160 623
161 623
62 623
58 624
145 624
89 625
156 626
49 627
38 628
85 629
92 630
36 631
59 632
88 632
123 633
148 634
147 634
119 635
56 636
56 637
144 638
116 639
145 640
52 641
134 642
161 642
107 643
106 643
82 643
53 643
104 644
38 645
39 645
47 646
76 647
44 648
46 648
65 649
89 650
52 651
44 652
101 653
52 654
90 654
75 655
123 656
132 656
153 657
136 657
123 658
115 659
89 659
87 659
58 660
48 661
86 662
97 663
58 664
143 665
141 666
83 667
115 667
86 667
44 667
45 668
74 669
62 670
133 671
45 672
142 673
52 674
103 675
97 676
84 677
70 677
45 678
96 679
76 679
52 680
52 681
74 682
119 683
153 684
107 685
58 685
56 686
89 687
52 688
97 688
58 688
76 689
52 690
123 691
103 692
128 693
61 694
98 694
40 694
152 694
100 694
104 695
58 696
38 696
39 697
79 698
147 699
141 699
104 700
141 700
45 701
58 702
97 702
52 703
45 704
45 705
145 706
96 706
160 707
49 708
132 709
108 710
77 710
157 711
86 711
140 711
81 712
141 712
45 713
156 714
111 714
55 714
47 714
83 715
86 715
85 715
38 716
41 716
143 717
160 718
107 719
81 720
115 720
39 721
41 722
38 722
150 723
41 724
77 725
45 726
52 727
52 728
58 729
138 730
85 731
73 732
52 733
86 734
119 735
45 735
58 736
153 737
87 737
53 738
86 738
41 739
44 740
58 740
48 741
148 742
85 742
53 742
124 742
82 742
123 743
140 743
98 744
52 745
133 746
45 747
140 748
106 749
113 749
143 750
84 751
42 751
143 752
123 753
132 754
39 755
38 755
52 756
115 757
49 758
160 759
92 760
115 761
146 762
74 762
107 763
138 764
52 765
132 766
159 767
156 768
70 768
82 768
123 769
89 770
71 770
128 771
101 772
159 773
121 773
131 773
92 773
105 773
97 774
142 775
105 775
83 776
70 777
118 777
147 777
58 778
89 779
81 780
157 781
134 782
119 782
132 783
81 784
49 785
75 785
58 785
89 786
161 787
47 787
120 787
119 788
96 789
84 789
106 789
67 790
74 791
38 792
148 792
92 793
140 794
58 795
76 796
65 797
90 798
63 799
58 800
97 800
142 801
52 802
38 803
141 804
97 805
141 806
2 807
58 807
58 808
76 809
143 810
123 811
52 812
122 813
39 814
38 814
89 815
52 816
119 817
134 817
100 817
74 818
47 818
78 818
120 819
76 820
95 821
114 821
125 821
148 821
57 822
120 823
125 824
138 825
49 826
85 827
57 828
111 828
92 829
101 829
72 830
52 831
161 832
45 833
46 834
76 835
141 836
97 837
46 838
86 839
75 840
75 841
60 841
56 841
48 842
58 843
89 843
119 844
97 845
140 846
78 847
97 847
108 847
147 847
78 848
76 849
97 850
97 851
157 852
121 853
92 853
52 854
45 855
160 856
141 857
46 857
96 858
75 858
49 859
68 859
76 859
39 859
90 860
143 860
147 861
44 862
104 862
58 863
143 864
52 865
153 866
74 867
128 868
92 869
63 870
133 871
161 871
53 872
70 873
115 874
82 875
148 875
52 876
52 877
104 878
115 879
147 879
52 880
52 881
52 882
142 883
143 884
89 885
38 885
99 886
52 887
161 888
73 889
47 889
58 890
47 891
86 892
120 892
82 892
92 893
90 894
76 895
88 896
86 896
144 896
141 897
77 898
153 899
76 900
123 901
58 902
72 903
70 904
156 904
71 904
55 904
135 904
111 904
118 904
107 905
143 906
52 906
143 907
142 908
123 909
39 910
52 910
119 911
128 912
47 913
78 914
92 915
71 916
130 916
158 916
160 917
141 918
122 919
73 920
121 920
45 921
92 922
141 922
160 923
67 923
37 924
54 924
161 924
159 924
80 924
138 925
161 926
67 926
104 927
97 927
49 928
138 928
45 929
140 929
92 930
133 931
49 932
143 933
92 934
58 935
124 936
122 936
159 936
41 937
125 938
38 939
38 940
92 940
51 941
122 942
108 943
74 944
62 944
89 944
56 945
52 946
81 947
133 948
65 948
128 948
132 949
122 949
52 950
38 951
121 952
58 953
122 954
120 954
45 954
144 955
74 956
38 957
82 958
127 958
83 958
144 959
147 960
97 960
61 961
90 962
143 963
158 964
109 964
52 965
134 966
107 967
97 968
96 969
38 970
92 970
111 971
46 972
128 973
45 973
133 973
38 974
97 974
87 975
52 976
113 977
108 978
44 978
115 978
119 979
160 980
120 981
161 982
65 983
92 984
120 985
146 985
36 986
89 986
157 987
44 988
157 989
143 990
58 991
161 992
67 992
73 993
157 994
102 995
115 995
77 996
107 997
123 997
138 998
97 999
97 1000
138 1001
111 1002
129 1002
135 1003
141 1004
38 1005
41 1005
160 1006
76 1007
73 1008
92 1009
38 1010
82 1011
77 1011
97 1012
132 1013
92 1014
56 1015
74 1015
145 1015
53 1016
92 1017
132 1018
133 1019
121 1019
119 1020
38 1021
111 1022
133 1022
105 1023
104 1024
52 1025
46 1026
58 1026
72 1027
79 1028
83 1029
128 1030
45 1030
133 1030
58 1031
76 1032
66 1033
139 1034
134 1035
47 1036
96 1037
78 1037
138 1038
86 1039
45 1040
89 1041
143 1042
115 1043
140 1044
119 1045
121 1045
137 1045
134 1045
156 1045
61 1045
56 1045
89 1046
71 1047
158 1047
111 1047
56 1048
143 1049
161 1049
102 1050
58 1051
52 1052
78 1053
125 1053
89 1054
76 1055
128 1056
131 1057
83 1058
61 1058
38 1058
79 1059
155 1059
38 1059
111 1060
51 1061
122 1061
113 1062
119 1063
38 1063
49 1064
138 1065
81 1066
123 1067
107 1068
133 1069
52 1070
158 1071
73 1071
81 1071
66 1072
142 1073
83 1074
71 1074
143 1075
83 1076
49 1077
143 1078
101 1079
161 1080
67 1080
89 1081
52 1082
38 1083
45 1084
133 1085
52 1086
122 1087
52 1088
123 1089
62 1090
49 1090
97 1091
147 1091
101 1092
138 1093
48 1094
143 1094
141 1094
145 1095
140 1096
156 1097
66 1097
135 1097
56 1097
126 1097
92 1098
160 1099
103 1100
132 1101
45 1102
52 1103
81 1104
52 1105
47 1106
45 1107
123 1108
143 1109
83 1110
102 1111
143 1112
86 1113
49 1113
79 1113
161 1114
56 1114
135 1115
76 1116
77 1117
103 1118
147 1119
107 1119
143 1120
58 1121
45 1122
143 1122
82 1123
92 1124
141 1125
83 1126
47 1127
123 1128
104 1129
94 1130
97 1131
52 1132
161 1133
155 1134
74 1135
79 1136
140 1137
142 1138
119 1138
71 1139
121 1139
161 1139
141 1140
87 1141
86 1142
84 1142
89 1143
123 1144
90 1145
65 1146
51 1146
107 1147
97 1148
39 1148
96 1149
120 1149
82 1149
71 1150
54 1151
62 1152
127 1153
47 1154
132 1155
141 1156
143 1157
160 1158
111 1158
131 1158
136 1158
161 1158
98 1158
50 1158
74 1159
52 1160
39 1161
52 1161
77 1162
160 1163
112 1164
97 1164
132 1164
147 1164
160 1165
140 1166
161 1166
83 1167
97 1168
52 1169
52 1170
26 1171
21 1171
22 1171
13 1171
6 1171
24 1171
4 1171
121 1172
47 1172
161 1173
138 1174
128 1174
92 1174
68 1175
66 1175
103 1176
86 1177
52 1178
159 1179
45 1180
52 1181
130 1182
133 1183
52 1184
3 1185
26 1185
54 1186
96 1186
41 1187
38 1187
50 1188
80 1188
124 1189
133 1189
93 1190
92 1191
49 1192
92 1193
38 1193
145 1194
65 1195
142 1196
76 1196
160 1197
133 1198
138 1199
45 1200
87 1201
100 1202
149 1202
122 1203
120 1203
119 1204
71 1205
115 1205
63 1206
160 1207
161 1207
160 1208
52 1209
121 1210
92 1210
97 1211
157 1212
123 1213
52 1214
141 1215
105 1216
100 1217
51 1217
103 1217
77 1218
48 1219
160 1220
140 1221
100 1222
123 1223
160 1224
92 1225
38 1226
41 1226
58 1227
96 1227
92 1228
58 1228
89 1229
70 1230
161 1231
58 1232
52 1233
10 1234
30 1234
35 1234
1 1234
8 1234
34 1234
47 1235
52 1236
157 1237
57 1238
39 1238
92 1239
107 1240
131 1241
71 1242
128 1243
76 1243
121 1243
104 1244
45 1245
98 1246
115 1247
141 1248
51 1249
103 1249
80 1249
147 1250
113 1251
133 1251
87 1252
160 1253
142 1254
56 1255
142 1256
44 1257
153 1258
49 1259
78 1259
146 1259
159 1260
42 1260
54 1260
49 1261
81 1262
104 1263
86 1264
71 1264
51 1264
74 1264
21 1265
0 1265
16 1265
19 1265
31 1265
30 1265
73 1266
89 1266
89 1267
120 1268
156 1268
79 1269
52 1270
41 1271
140 1272
138 1273
96 1273
65 1273
143 1274
143 1275
45 1275
49 1276
143 1277
89 1278
49 1279
56 1279
74 1279
45 1280
49 1281
53 1282
86 1282
143 1283
104 1284
121 1285
123 1286
58 1287
123 1288
122 1289
133 1290
161 1291
47 1292
77 1292
79 1293
133 1293
128 1293
90 1294
97 1295
73 1296
161 1297
74 1298
134 1299
92 1300
58 1300
47 1301
103 1302
161 1303
161 1304
132 1305
38 1306
56 1307
74 1307
134 1308
161 1308
139 1309
98 1309
156 1309
39 1310
104 1310
157 1311
140 1311
143 1312
38 1313
58 1313
74 1314
77 1315
78 1315
86 1315
115 1315
39 1315
142 1316
119 1316
161 1317
65 1318
49 1318
133 1318
145 1319
90 1320
47 1321
45 1322
123 1323
71 1324
45 1325
155 1325
58 1326
57 1326
60 1326
104 1327
60 1328
60 1329
54 1330
36 1330
98 1330
93 1330
48 1331
45 1332
70 1333
82 1333
96 1333
71 1333
90 1334
52 1334
116 1335
141 1336
143 1337
156 1338
50 1338
154 1338
139 1338
69 1338
113 1339
133 1339
140 1340
49 1341
62 1342
66 1342
111 1342
129 1342
139 1342
46 1343
58 1344
141 1345
79 1346
133 1346
161 1346
92 1347
81 1347
76 1348
78 1348
52 1349
45 1350
86 1351
47 1352
155 1353
104 1354
38 1354
97 1355
161 1356
119 1356
134 1356
87 1357
133 1358
161 1358
62 1359
41 1360
160 1361
97 1362
135 1362
159 1363
78 1364
45 1365
105 1366
90 1367
126 1368
93 1368
49 1368
52 1369
89 1370
92 1371
58 1372
52 1373
61 1373
143 1373
143 1374
143 1375
83 1376
145 1377
104 1378
133 1379
108 1380
127 1380
52 1381
133 1382
77 1383
104 1384
146 1385
92 1386
119 1387
60 1387
58 1388
96 1389
58 1389
97 1390
38 1391
97 1391
143 1392
160 1393
91 1393
44 1394
104 1394
123 1395
103 1396
84 1396
142 1397
41 1398
38 1399
142 1400
70 1401
148 1401
55 1402
141 1403
153 1404
62 1405
126 1405
156 1405
49 1405
141 1406
91 1407
159 1407
152 1407
52 1408
47 1409
161 1410
123 1411
39 1412
123 1413
52 1414
90 1415
39 1416
141 1417
41 1418
74 1419
136 1420
47 1420
109 1420
40 1420
52 1421
49 1422
97 1423
52 1424
47 1425
64 1426
97 1427
143 1428
48 1428
97 1429
89 1429
104 1429
129 1430
138 1431
52 1432
103 1433
76 1434
53 1435
61 1436
130 1437
86 1437
54 1437
38 1438
159 1439
47 1440
115 1441
52 1442
82 1443
71 1443
96 1443
150 1444
52 1445
52 1446
72 1447
161 1448
58 1449
97 1450
138 1451
119 1452
45 1452
79 1453
122 1454
104 1455
141 1456
157 1457
74 1458
52 1459
65 1460
95 1460
114 1460
148 1460
102 1461
77 1462
52 1463
58 1464
70 1465
123 1466
46 1467
143 1468
52 1468
38 1469
92 1469
143 1470
72 1471
81 1472
41 1473
109 1474
89 1475
104 1475
77 1476
142 1477
52 1478
41 1479
53 1480
45 1481
130 1482
119 1482
150 1483
54 1484
45 1485
147 1486
148 1486
107 1487
87 1488
113 1489
123 1490
58 1490
143 1491
52 1492
123 1493
89 1494
74 1495
142 1496
102 1497
90 1498
128 1499
161 1500
145 1501
58 1501
124 1502
133 1503
78 1503
82 1504
53 1504
71 1504
52 1505
143 1506
49 1507
45 1508
52 1509
90 1509
157 1510
52 1511
90 1511
143 1512
38 1513
52 1514
82 1515
93 1515
96 1515
49 1516
148 1516
54 1517
146 1517
158 1518
86 1518
49 1519
160 1520
132 1521
128 1522
45 1523
97 1524
89 1524
97 1525
122 1526
45 1527
157 1528
52 1529
104 1530
48 1531
138 1532
88 1533
125 1533
118 1533
75 1533
97 1534
44 1534
161 1535
44 1536
52 1537
89 1538
90 1539
161 1540
96 1541
128 1541
38 1542
155 1542
41 1542
45 1543
115 1544
52 1545
44 1546
72 1546
77 1547
122 1548
159 1549
65 1550
74 1550
38 1551
39 1551
143 1552
160 1553
81 1554
111 1555
58 1555
123 1556
51 1556
133 1557
142 1558
72 1559
46 1559
141 1560
141 1561
141 1562
62 1563
139 1563
136 1563
47 1563
38 1564
97 1565
72 1566
77 1567
143 1568
78 1569
115 1570
102 1570
140 1571
47 1572
76 1572
105 1573
76 1574
58 1575
134 1576
158 1577
79 1577
135 1578
89 1579
140 1580
101 1581
141 1582
45 1583
79 1584
142 1585
132 1586
128 1587
81 1588
104 1589
92 1590
46 1591
129 1592
68 1593
77 1593
161 1594
44 1595
128 1596
96 1597
52 1598
44 1599
118 1599
52 1600
45 1601
159 1602
161 1602
160 1602
134 1602
52 1603
160 1604
123 1605
161 1606
72 1607
52 1608
131 1609
161 1609
148 1610
38 1610
39 1610
52 1611
38 1612
77 1613
161 1614
133 1615
124 1615
38 1616
101 1617
90 1618
144 1619
92 1620
39 1621
106 1621
81 1621
92 1622
56 1622
83 1623
82 1624
70 1624
46 1625
45 1626
142 1627
151 1628
123 1629
77 1630
84 1631
104 1632
42 1633
132 1634
76 1634
134 1635
121 1635
152 1635
159 1635
71 1636
36 1637
98 1637
50 1637
103 1638
149 1639
49 1640
120 1640
79 1640
103 1640
101 1641
82 1642
96 1642
38 1643
41 1643
86 1644
53 1644
99 1645
87 1646
74 1647
113 1647
143 1648
123 1649
119 1650
135 1650
38 1651
41 1651
154 1652
61 1652
87 1653
47 1654
92 1655
141 1656
70 1657
81 1658
48 1659
39 1660
52 1660
97 1661
161 1662
145 1662
120 1663
62 1664
149 1664
66 1664
102 1665
157 1666
39 1667
104 1668
58 1669
77 1670
71 1671
90 1672
97 1673
140 1674
101 1675
49 1676
45 1677
134 1678
52 1679
38 1680
52 1681
143 1682
145 1683
39 1683
52 1683
52 1684
73 1685
87 1686
153 1686
137 1687
45 1687
157 1688
52 1689
52 1690
145 1691
120 1691
71 1692
118 1692
45 1693
92 1694
143 1695
93 1696
92 1696
100 1697
156 1697
62 1697
66 1697
52 1698
49 1699
160 1700
141 1701
82 1702
52 1703
80 1704
50 1704
41 1705
38 1706
97 1707
44 1707
56 1708
48 1709
38 1710
53 1711
103 1712
132 1713
127 1714
115 1714
44 1715
115 1716
83 1716
132 1716
138 1716
49 1716
145 1717
112 1718
142 1718
64 1719
58 1720
41 1720
57 1720
141 1721
93 1722
152 1722
128 1722
159 1722
129 1722
111 1722
91 1722
128 1723
58 1723
38 1724
41 1724
134 1725
90 1726
79 1727
134 1728
71 1729
87 1730
121 1731
128 1731
143 1732
113 1733
160 1734
81 1735
140 1735
124 1735
50 1735
88 1735
67 1736
52 1737
42 1738
103 1738
98 1739
38 1739
157 1740
96 1741
49 1741
104 1742
123 1743
143 1744
161 1745
123 1746
143 1747
58 1748
96 1748
52 1749
133 1750
113 1750
52 1751
47 1752
95 1752
118 1753
141 1754
92 1755
76 1756
54 1757
161 1757
100 1758
89 1759
98 1760
52 1761
86 1762
45 1763
81 1764
70 1765
84 1765
71 1766
83 1766
56 1767
89 1768
93 1769
107 1770
86 1771
156 1771
101 1772
143 1773
72 1774
112 1775
119 1776
141 1776
160 1777
160 1778
58 1779
71 1780
128 1781
76 1782
50 1783
41 1783
140 1784
52 1785
79 1786
102 1787
97 1788
160 1789
52 1790
89 1791
130 1792
144 1792
71 1793
104 1794
92 1795
48 1795
73 1796
144 1796
52 1797
10 1798
29 1798
8 1798
32 1798
25 1798
1 1798
24 1798
123 1799
45 1800
54 1800
60 1800
79 1801
150 1802
161 1803
161 1804
96 1804
121 1804
45 1805
46 1806
98 1806
53 1807
81 1808
52 1809
54 1810
96 1810
108 1810
106 1810
36 1810
84 1811
161 1812
103 1812
119 1813
66 1813
98 1813
103 1814
52 1815
152 1816
136 1816
62 1816
47 1816
45 1817
89 1818
146 1819
138 1819
52 1820
133 1821
92 1822
100 1822
76 1823
107 1824
97 1825
113 1826
58 1826
45 1826
41 1827
38 1827
89 1828
41 1829
52 1830
52 1831
161 1832
160 1832
123 1832
133 1833
97 1834
148 1835
94 1835
75 1836
161 1837
41 1838
41 1839
141 1840
84 1841
143 1842
101 1843
50 1844
65 1844
150 1844
94 1844
157 1845
86 1846
79 1846
104 1847
49 1848
79 1849
75 1849
99 1850
92 1851
132 1852
76 1852
89 1853
142 1854
52 1855
145 1856
107 1857
161 1858
46 1858
52 1859
78 1860
39 1860
101 1861
128 1861
83 1862
83 1863
86 1863
47 1864
120 1864
133 1865
56 1866
161 1866
96 1867
58 1867
76 1868
52 1869
119 1870
126 1870
52 1871
40 1872
61 1872
137 1872
45 1872
74 1873
53 1873
72 1874
38 1875
104 1875
135 1875
92 1875
58 1875
122 1876
138 1877
38 1878
58 1879
45 1879
134 1880
58 1881
120 1882
96 1882
119 1883
92 1884
86 1885
96 1885
82 1885
103 1885
49 1886
82 1887
86 1887
127 1887
92 1888
120 1889
161 1890
132 1891
142 1892
45 1893
156 1894
154 1894
130 1894
123 1895
134 1896
134 1897
161 1897
118 1898
160 1899
87 1900
160 1901
143 1902
82 1903
127 1903
115 1904
58 1905
44 1906
122 1907
123 1908
160 1909
161 1909
78 1910
147 1911
120 1912
138 1912
14 1913
160 1914
46 1914
104 1915
89 1915
56 1916
155 1917
157 1918
160 1919
140 1920
52 1921
157 1922
76 1923
161 1924
52 1925
84 1926
125 1926
128 1927
132 1928
141 1929
77 1930
58 1931
92 1931
89 1932
130 1933
134 1933
83 1933
113 1934
39 1935
89 1936
60 1937
79 1937
57 1937
49 1938
138 1938
77 1939
148 1939
118 1939
49 1940
120 1941
58 1942
52 1942
160 1943
161 1943
97 1944
87 1945
45 1946
81 1947
115 1948
97 1948
53 1948
127 1949
77 1950
161 1951
45 1952
92 1953
70 1954
143 1955
128 1956
159 1957
58 1958
52 1959
83 1960
52 1961
124 1962
70 1963
143 1964
41 1965
62 1966
142 1967
52 1968
52 1969
41 1970
92 1971
142 1972
161 1973
128 1974
145 1975
140 1976
92 1977
161 1978
112 1979
160 1979
132 1980
142 1981
101 1982
100 1982
159 1982
40 1982
76 1982
143 1983
159 1984
52 1985
51 1986
92 1987
137 1987
82 1988
94 1988
106 1988
126 1989
96 1990
58 1990
58 1991
92 1991
79 1991
71 1991
79 1992
58 1993
41 1994
38 1994
119 1995
148 1996
82 1996
141 1997
106 1998
146 1998
128 1999
143 2000
45 2001
41 2002
56 2003
53 2004
96 2004
70 2004
39 2005
52 2006
70 2007
46 2008
70 2009
160 2010
161 2010
87 2011
58 2012
39 2013
45 2014
56 2015
52 2016
135 2017
39 2017
38 2017
86 2018
138 2019
97 2020
107 2021
52 2022
127 2023
41 2024
71 2025
82 2025
86 2025
90 2026
63 2027
45 2028
141 2029
45 2030
122 2031
45 2032
77 2033
69 2034
122 2034
159 2034
73 2035
134 2036
122 2036
115 2037
52 2038
119 2039
72 2040
46 2040
97 2040
44 2040
161 2041
126 2041
133 2042
45 2042
128 2042
41 2042
52 2043
58 2043
134 2044
58 2044
160 2045
101 2046
70 2047
156 2048
139 2048
91 2048
47 2048
58 2049
147 2049
72 2049
93 2050
140 2051
122 2052
161 2052
119 2053
45 2053
102 2054
86 2055
84 2055
55 2056
72 2056
47 2057
120 2057
72 2058
97 2059
141 2060
83 2061
74 2061
141 2062
104 2063
56 2064
50 2064
52 2065
161 2066
92 2067
52 2068
140 2069
135 2070
161 2071
58 2072
141 2073
75 2074
45 2075
52 2076
56 2077
101 2078
52 2079
141 2080
93 2081
69 2081
49 2081
156 2081
121 2082
161 2082
89 2083
135 2083
76 2084
122 2084
157 2085
161 2086
57 2087
101 2088
135 2089
92 2090
58 2090
92 2091
49 2092
97 2093
118 2093
127 2094
92 2095
79 2096
45 2097
143 2098
45 2099
79 2100
73 2101
39 2102
150 2103
47 2104
122 2105
101 2106
76 2107
54 2108
52 2109
101 2110
92 2110
122 2111
83 2112
119 2113
126 2114
49 2115
143 2116
98 2117
156 2117
140 2117
104 2118
123 2119
81 2120
122 2121
45 2121
90 2122
143 2123
113 2124
45 2124
86 2125
96 2125
138 2125
77 2126
78 2126
111 2126
111 2127
161 2128
158 2129
77 2130
134 2131
56 2131
123 2131
157 2132
157 2133
125 2134
141 2135
108 2136
58 2136
37 2136
51 2136
59 2136
115 2137
132 2138
49 2139
145 2140
132 2141
141 2142
57 2142
71 2143
92 2143
81 2144
56 2145
156 2145
75 2146
62 2147
133 2147
113 2147
52 2148
45 2149
96 2150
74 2150
83 2151
115 2151
77 2152
58 2153
81 2154
123 2154
48 2155
115 2156
45 2157
122 2158
60 2159
57 2160
153 2161
120 2161
133 2161
159 2162
161 2163
160 2163
40 2164
123 2165
109 2166
56 2167
45 2168
125 2169
45 2170
97 2171
147 2171
52 2172
80 2172
71 2173
52 2174
75 2175
111 2176
99 2176
66 2176
62 2176
141 2177
45 2178
111 2179
98 2180
98 2181
111 2181
136 2181
152 2181
97 2182
52 2183
53 2183
115 2183
141 2184
46 2184
136 2185
156 2186
145 2186
153 2186
161 2187
83 2187
50 2188
71 2188
124 2188
148 2188
154 2189
52 2190
42 2191
103 2191
106 2191
58 2192
49 2193
133 2193
128 2193
46 2194
89 2195
104 2196
92 2197
81 2198
47 2199
58 2200
88 2201
71 2201
161 2202
44 2203
79 2204
83 2205
57 2206
96 2206
58 2206
82 2207
96 2207
86 2207
106 2207
140 2208
116 2208
52 2209
129 2210
143 2211
101 2212
159 2212
58 2213
79 2214
145 2215
136 2216
139 2216
88 2216
69 2216
49 2217
103 2218
92 2219
111 2219
154 2220
130 2220
73 2221
76 2221
52 2222
52 2223
81 2223
143 2224
44 2225
99 2226
90 2227
153 2228
92 2229
115 2230
103 2231
92 2232
115 2233
89 2234
121 2235
72 2236
77 2237
56 2238
68 2239
76 2240
45 2241
56 2241
89 2241
123 2242
121 2243
157 2244
104 2245
153 2246
52 2247
74 2248
103 2249
39 2250
73 2251
115 2252
123 2253
154 2254
66 2255
62 2255
124 2256
153 2257
146 2258
100 2259
101 2259
129 2259
121 2259
139 2259
103 2260
96 2260
158 2261
140 2262
89 2263
51 2264
152 2264
40 2264
100 2264
158 2265
132 2266
45 2267
135 2268
92 2269
90 2269
89 2270
87 2271
65 2272
143 2273
143 2274
52 2274
142 2275
52 2276
76 2277
92 2277
73 2278
161 2279
131 2279
48 2280
88 2281
73 2281
91 2281
97 2282
70 2283
136 2283
53 2284
53 2285
85 2285
142 2286
138 2287
97 2288
78 2289
77 2290
49 2291
74 2291
89 2292
93 2293
53 2294
107 2295
86 2296
71 2296
68 2297
76 2298
57 2299
145 2299
96 2300
128 2301
133 2301
89 2302
52 2303
115 2304
71 2305
69 2306
121 2307
80 2307
159 2307
139 2307
45 2308
142 2309
102 2310
52 2311
70 2312
82 2313
118 2314
147 2314
143 2315
111 2316
157 2317
92 2318
57 2319
140 2320
49 2321
132 2322
81 2323
143 2324
143 2325
92 2326
109 2327
38 2328
42 2329
115 2330
81 2331
123 2331
58 2332
121 2333
89 2334
83 2335
104 2335
160 2336
99 2337
52 2338
155 2339
152 2340
161 2340
67 2340
144 2341
119 2342
118 2343
53 2343
83 2343
70 2344
52 2345
132 2346
90 2347
143 2347
52 2348
53 2349
83 2349
123 2350
93 2350
81 2351
58 2352
38 2353
86 2354
126 2355
44 2356
48 2357
90 2357
123 2358
124 2359
145 2359
161 2360
142 2361
104 2362
52 2363
81 2364
104 2364
143 2365
103 2366
108 2367
29 2368
26 2368
5 2368
12 2368
9 2368
3 2368
19 2368
71 2369
41 2370
87 2371
145 2372
58 2373
102 2374
133 2375
161 2376
143 2377
51 2378
150 2378
124 2378
92 2379
104 2380
39 2381
52 2382
87 2383
42 2384
161 2385
154 2385
58 2386
132 2387
140 2388
38 2389
120 2389
138 2390
81 2390
96 2391
71 2391
120 2391
58 2391
58 2392
147 2393
92 2394
52 2395
97 2396
153 2397
111 2398
42 2399
161 2400
78 2401
67 2402
91 2403
159 2403
139 2403
66 2403
152 2403
76 2404
65 2405
133 2405
128 2405
74 2406
121 2407
52 2408
128 2409
122 2409
133 2409
138 2410
158 2411
79 2412
75 2412
71 2413
118 2414
106 2414
145 2415
58 2416
71 2417
86 2417
53 2417
86 2418
61 2418
36 2418
129 2419
111 2419
152 2419
122 2419
47 2419
133 2420
79 2420
111 2420
52 2421
87 2422
133 2423
52 2424
50 2425
78 2426
52 2427
106 2428
153 2428
104 2429
160 2430
52 2431
52 2432
107 2433
37 2434
41 2434
131 2435
83 2436
143 2437
141 2438
115 2439
86 2439
96 2440
125 2440
103 2441
144 2441
72 2442
39 2443
97 2444
74 2445
138 2445
38 2446
71 2447
82 2447
142 2448
115 2449
142 2450
49 2451
60 2452
82 2453
72 2454
89 2455
52 2456
134 2457
134 2458
141 2459
143 2460
87 2461
57 2462
108 2463
52 2464
58 2465
81 2466
39 2467
138 2468
138 2469
58 2470
89 2471
142 2472
143 2473
141 2474
115 2475
45 2476
119 2477
143 2478
142 2479
103 2480
89 2481
92 2482
91 2483
129 2483
109 2483
58 2484
38 2485
70 2486
108 2487
138 2488
143 2489
38 2490
110 2491
161 2491
49 2492
148 2492
96 2492
113 2493
58 2494
71 2495
70 2495
148 2495
89 2496
45 2497
61 2498
41 2498
107 2499
161 2500
159 2501
99 2501
126 2501
157 2502
70 2503
101 2504
107 2505
123 2506
65 2506
74 2507
128 2508
124 2508
141 2509
58 2510
142 2511
83 2512
141 2513
144 2514
73 2515
127 2516
92 2517
127 2518
75 2519
65 2520
67 2521
79 2522
134 2522
124 2523
154 2524
89 2525
123 2526
161 2527
126 2527
67 2528
161 2528
156 2529
99 2529
143 2530
96 2531
111 2532
141 2533
109 2534
126 2535
62 2535
71 2536
52 2537
122 2538
52 2539
57 2540
96 2540
123 2541
136 2542
74 2542
120 2543
104 2544
133 2545
96 2546
86 2547
41 2548
141 2549
79 2550
99 2551
140 2552
138 2553
73 2554
143 2555
140 2556
106 2556
161 2557
148 2558
70 2558
85 2558
53 2558
82 2558
71 2558
96 2558
77 2559
97 2559
98 2560
83 2561
115 2561
92 2562
38 2562
161 2563
67 2563
83 2564
148 2565
77 2566
73 2567
53 2568
133 2569
140 2569
159 2569
121 2569
152 2569
124 2569
67 2570
100 2571
91 2571
129 2571
39 2572
52 2573
130 2574
86 2575
71 2575
148 2575
45 2576
83 2577
115 2577
98 2578
58 2579
111 2580
121 2581
81 2582
52 2583
92 2584
58 2584
59 2585
124 2585
45 2585
80 2585
137 2585
104 2586
140 2586
137 2587
91 2587
111 2587
141 2588
58 2588
53 2588
126 2589
14 2590
155 2590
74 2591
126 2591
132 2592
134 2593
97 2594
89 2595
81 2596
52 2597
77 2598
46 2599
130 2599
97 2600
103 2601
90 2602
139 2603
152 2603
140 2603
48 2604
143 2604
81 2605
101 2606
160 2607
131 2608
143 2609
105 2610
143 2611
161 2612
121 2613
91 2613
161 2613
159 2613
58 2614
160 2615
142 2616
128 2617
74 2617
133 2617
142 2618
140 2619
159 2620
129 2620
40 2620
127 2621
123 2622
92 2623
38 2623
52 2624
123 2625
103 2626
133 2627
161 2627
128 2628
45 2629
97 2630
123 2630
71 2631
127 2631
86 2631
107 2632
92 2633
89 2633
120 2634
96 2634
141 2635
39 2636
48 2637
52 2637
99 2637
124 2638
41 2639
52 2640
120 2641
92 2642
56 2643
47 2644
81 2645
58 2645
46 2645
121 2646
82 2647
71 2647
152 2648
67 2649
161 2649
160 2650
97 2651
81 2652
100 2653
65 2654
11 2655
21 2655
40 2656
149 2656
92 2656
79 2656
51 2656
45 2657
141 2658
64 2659
146 2659
145 2660
160 2661
112 2662
45 2663
159 2664
91 2664
101 2664
158 2664
100 2664
71 2665
65 2666
52 2666
52 2667
52 2668
90 2669
96 2670
117 2671
97 2671
39 2672
67 2673
161 2673
41 2674
138 2675
101 2676
52 2677
92 2678
126 2679
160 2680
123 2680
71 2681
159 2682
123 2683
52 2684
141 2685
107 2686
38 2687
41 2687
45 2688
147 2689
97 2690
52 2691
61 2692
138 2693
145 2694
72 2694
71 2695
101 2696
121 2697
61 2697
91 2698
97 2699
92 2700
45 2701
142 2702
76 2703
115 2704
71 2705
97 2706
78 2706
108 2706
89 2707
92 2708
52 2709
64 2710
144 2711
50 2712
36 2712
156 2712
113 2713
102 2714
143 2715
81 2715
64 2716
45 2717
113 2718
83 2719
52 2720
100 2721
101 2722
57 2723
58 2723
74 2724
143 2725
106 2726
74 2726
56 2727
147 2728
47 2729
101 2730
92 2730
60 2730
92 2731
42 2732
53 2733
148 2733
96 2733
41 2734
38 2734
142 2735
107 2736
143 2737
123 2738
133 2739
108 2740
144 2740
52 2741
52 2742
145 2743
115 2744
161 2745
142 2746
71 2747
92 2748
89 2748
122 2749
89 2750
68 2751
89 2751
96 2751
57 2751
107 2752
115 2752
123 2752
57 2753
38 2754
39 2755
38 2755
146 2756
138 2756
84 2757
93 2757
116 2758
44 2759
46 2759
103 2760
53 2761
74 2762
161 2762
58 2763
70 2764
71 2764
138 2765
70 2766
122 2767
97 2768
115 2768
115 2769
138 2770
70 2771
45 2772
81 2773
103 2774
80 2774
52 2775
143 2776
123 2777
52 2778
107 2779
122 2780
161 2781
131 2781
39 2781
58 2782
141 2783
65 2784
104 2785
87 2786
51 2787
62 2787
142 2788
90 2788
92 2788
141 2789
64 2790
45 2791
74 2792
53 2792
96 2793
75 2793
46 2794
145 2795
92 2796
101 2797
142 2798
148 2799
81 2799
96 2799
104 2799
86 2800
122 2801
101 2802
75 2802
45 2803
81 2804
82 2805
145 2805
86 2805
96 2805
18 2806
141 2807
107 2808
92 2809
160 2810
87 2811
38 2812
92 2813
122 2814
57 2815
105 2815
142 2815
98 2816
105 2817
54 2818
106 2818
146 2818
58 2819
96 2819
81 2820
115 2821
104 2822
41 2823
127 2824
58 2825
49 2826
52 2827
53 2828
90 2829
155 2830
101 2830
38 2831
52 2832
123 2833
103 2834
58 2835
104 2836
92 2836
93 2836
41 2837
89 2837
76 2838
142 2839
49 2840
154 2841
52 2842
43 2843
159 2844
90 2845
58 2846
92 2846
98 2847
137 2847
44 2848
70 2848
45 2849
81 2850
52 2850
103 2851
93 2851
148 2852
71 2852
49 2853
97 2854
138 2854
107 2855
143 2856
151 2857
126 2857
149 2857
102 2858
81 2859
119 2860
135 2860
143 2861
84 2862
92 2863
35 2864
67 2864
46 2864
60 2865
123 2866
90 2867
123 2868
142 2869
148 2870
74 2870
145 2871
54 2871
83 2872
53 2872
140 2873
142 2874
52 2875
38 2876
141 2877
53 2878
91 2879
56 2880
57 2881
106 2882
58 2883
39 2884
97 2885
104 2885
49 2886
67 2886
122 2887
153 2888
44 2889
94 2890
86 2891
159 2892
47 2893
120 2894
121 2894
139 2894
88 2894
102 2895
49 2896
92 2897
52 2898
52 2899
58 2900
52 2901
147 2902
132 2903
133 2904
93 2904
78 2905
148 2905
125 2905
83 2906
160 2906
58 2907
92 2908
134 2909
158 2909
84 2910
42 2910
92 2911
58 2911
125 2911
71 2912
62 2913
79 2913
78 2914
83 2914
140 2915
76 2916
49 2917
145 2917
90 2918
90 2919
157 2919
122 2920
92 2920
56 2921
119 2921
123 2922
40 2922
38 2923
46 2924
44 2925
97 2926
161 2927
161 2928
148 2929
145 2930
108 2931
58 2932
44 2932
140 2933
133 2934
46 2935
72 2936
158 2937
136 2938
119 2939
94 2939
104 2940
141 2941
54 2942
133 2943
111 2944
143 2944
83 2945
97 2946
157 2947
72 2948
97 2948
123 2949
157 2949
128 2950
77 2950
140 2951
78 2951
161 2951
86 2952
77 2953
39 2953
134 2954
131 2955
76 2956
47 2956
160 2957
58 2958
44 2959
148 2960
143 2961
82 2962
44 2963
72 2963
147 2964
82 2965
115 2966
144 2967
161 2968
127 2969
153 2969
140 2970
161 2970
64 2971
81 2972
81 2973
72 2974
70 2974
72 2975
77 2975
79 2976
47 2977
111 2978
90 2979
77 2980
120 2981
126 2982
140 2983
58 2983
141 2984
154 2985
140 2986
47 2987
44 2988
46 2988
54 2989
158 2990
45 2991
86 2992
119 2993
141 2994
67 2995
160 2995
108 2996
124 2997
46 2998
107 2999
140 3000
150 3001
71 3002
153 3002
90 3003
133 3004
140 3005
140 3006
97 3006
83 3007
127 3007
139 3008
120 3009
40 3010
151 3010
51 3010
53 3011
151 3012
134 3012
92 3012
150 3013
161 3014
46 3014
119 3015
102 3016
53 3017
152 3018
59 3018
122 3018
136 3018
50 3018
45 3018
154 3019
53 3020
159 3021
51 3021
139 3022
152 3022
120 3022
148 3023
99 3024
50 3024
80 3024
98 3024
159 3025
100 3025
161 3025
50 3026
59 3026
55 3026
98 3026
136 3027
161 3027
20 3028
28 3028
34 3028
3 3028
35 3028
101 3029
100 3029
45 3029
39 3030
51 3031
100 3031
101 3031
45 3031
59 3032
61 3032
52 3032
45 3032
50 3032
104 3033
79 3034
45 3035
160 3036
60 3037
58 3037
67 3038
161 3038
140 3038
53 3039
161 3040
89 3041
100 3042
124 3042
81 3043
152 3043
140 3044
161 3044
67 3045
161 3045
161 3046
161 3047
161 3048
161 3049
45 3050
122 3050
133 3051
159 3052
91 3052
47 3052
62 3052
139 3052
119 3053
109 3053
60 3053
159 3053
156 3053
136 3053
48 3053
159 3054
151 3055
104 3056
45 3057
119 3058
134 3058
119 3059
68 3060
65 3061
160 3062
53 3063
52 3064
143 3065
52 3066
56 3067
145 3068
56 3068
56 3069
143 3070
143 3071
143 3072
97 3073
53 3074
97 3075
71 3075
77 3076
108 3077
144 3078
108 3079
83 3080
47 3081
161 3082
45 3083
141 3084
92 3085
141 3085
141 3086
141 3087
92 3087
92 3088
147 3089
78 3090
71 3091
46 3092
158 3092
78 3093
118 3094
46 3095
57 3095
77 3096
118 3096
144 3097
72 3098
78 3099
154 3099
107 3100
133 3101
52 3102
52 3103
49 3104
111 3105
68 3105
57 3106
125 3107
38 3108
141 3109
44 3109
37 3110
100 3110
121 3110
51 3110
101 3110
51 3111
45 3111
137 3111
100 3111
101 3111
52 3112
52 3113
100 3114
100 3115
100 3116
99 3117
44 3118
41 3119
71 3119
52 3120
91 3121
151 3122
150 3123
45 3124
49 3125
54 3125
46 3126
130 3127
161 3128
45 3129
119 3130
134 3130
130 3131
77 3132
77 3133
135 3134
58 3134
38 3135
138 3136
81 3137
141 3138
119 3139
123 3140
52 3141
44 3142
97 3142
147 3142
45 3143
109 3144
144 3145
144 3146
93 3147
144 3148
54 3148
69 3149
54 3150
144 3151
104 3152
111 3153
93 3154
139 3155
38 3155
54 3156
133 3157
144 3158
54 3159
144 3160
93 3161
67 3162
58 3163
39 3163
61 3164
119 3164
140 3165
154 3166
154 3167
139 3168
109 3169
77 3170
138 3171
73 3172
126 3173
116 3173
77 3174
98 3175
81 3176
58 3177
108 3177
38 3178
67 3179
45 3180
86 3181
72 3182
83 3183
127 3183
88 3184
99 3184
52 3185
38 3186
38 3187
148 3187
39 3187
39 3188
38 3189
38 3190
143 3191
41 3191
92 3192
86 3193
121 3194
161 3194
58 3195
157 3196
161 3197
111 3197
58 3198
45 3199
58 3200
143 3201
103 3202
100 3203
48 3204
52 3205
161 3206
78 3206
38 3207
151 3207
52 3207
41 3208
41 3209
41 3210
41 3211
41 3212
111 3213
41 3214
41 3215
41 3216
41 3217
153 3218
53 3219
82 3219
115 3220
53 3220
46 3221
104 3222
52 3223
52 3224
53 3225
138 3226
49 3227
52 3227
61 3228
97 3229
52 3230
153 3231
45 3232
141 3233
74 3234
123 3234
50 3234
52 3235
161 3236
134 3236
52 3237
39 3237
122 3238
152 3238
129 3238
45 3239
45 3240
111 3240
138 3241
52 3242
40 3243
98 3243
129 3243
124 3243
122 3243
152 3243
39 3244
128 3244
141 3245
52 3246
82 3247
52 3248
39 3249
52 3249
52 3250
76 3251
52 3252
67 3253
38 3254
52 3255
61 3255
76 3256
38 3256
41 3257
52 3258
99 3259
51 3259
52 3260
83 3261
49 3262
49 3263
52 3263
138 3264
41 3265
92 3266
92 3267
52 3268
52 3269
38 3270
92 3270
92 3271
89 3272
58 3273
38 3273
104 3273
134 3274
161 3275
115 3276
160 3277
67 3277
140 3278
152 3279
46 3280
161 3280
128 3281
54 3281
46 3282
130 3283
86 3283
160 3284
46 3284
40 3285
161 3286
161 3287
77 3288
126 3289
65 3290
112 3291
56 3292
86 3293
45 3294
128 3294
131 3295
79 3296
97 3297
77 3298
58 3299
46 3300
42 3301
98 3301
143 3302
97 3303
108 3304
111 3305
141 3306
38 3307
41 3307
38 3308
130 3309
52 3310
83 3311
58 3312
44 3313
58 3313
155 3314
155 3315
155 3316
155 3317
155 3318
155 3319
155 3320
37 3321
50 3321
142 3322
58 3323
64 3323
58 3324
81 3325
77 3326
152 3327
47 3327
123 3328
126 3328
161 3328
142 3329
47 3330
51 3331
54 3331
129 3331
100 3331
101 3331
89 3332
160 3333
45 3334
67 3335
161 3335
46 3335
131 3335
161 3336
53 3337
55 3338
86 3338
126 3339
123 3339
161 3339
115 3340
47 3341
136 3342
123 3343
161 3343
107 3344
47 3345
119 3346
134 3346
101 3347
115 3348
161 3349
160 3350
140 3351
142 3352
160 3353
116 3354
159 3355
161 3356
123 3356
130 3357
89 3358
54 3359
90 3360
45 3361
144 3362
77 3363
36 3364
68 3365
68 3366
111 3367
97 3367
77 3368
52 3369
38 3370
41 3370
45 3371
38 3372
41 3372
41 3373
38 3373
41 3374
38 3374
124 3375
68 3376
119 3377
138 3378
41 3379
38 3379
38 3380
41 3380
28 3381
33 3381
23 3381
9 3381
35 3381
34 3381
22 3381
91 3382
17 3382
119 3383
134 3383
126 3384
143 3385
82 3386
126 3387
146 3388
140 3389
76 3390
86 3391
71 3392
161 3393
45 3394
89 3395
138 3396
147 3397
70 3398
71 3398
143 3399
45 3400
58 3401
147 3402
118 3402
70 3403
89 3404
77 3404
52 3405
140 3406
158 3407
70 3407
71 3407
94 3407
156 3407
158 3408
36 3408
71 3408
158 3409
156 3409
71 3409
50 3409
138 3410
66 3411
133 3412
111 3412
42 3413
158 3413
134 3414
119 3414
126 3415
70 3416
77 3417
44 3418
44 3419
153 3419
97 3420
58 3421
72 3421
147 3422
118 3422
148 3423
39 3424
161 3425
72 3426
72 3427
104 3428
123 3429
38 3430
38 3431
46 3432
38 3433
155 3434
145 3435
126 3436
41 3437
38 3437
38 3438
41 3438
41 3439
38 3439
38 3440
41 3440
148 3441
71 3442
70 3442
54 3443
148 3443
72 3444
147 3445
70 3446
71 3446
83 3447
77 3448
161 3449
161 3450
69 3451
102 3452
140 3453
161 3454
89 3455
58 3455
119 3456
64 3456
104 3457
89 3457
89 3458
83 3459
89 3460
89 3461
58 3462
89 3463
92 3464
89 3465
104 3465
89 3466
79 3467
124 3467
140 3468
141 3469
119 3470
45 3471
119 3472
101 3473
104 3474
134 3475
141 3476
116 3477
141 3478
72 3479
157 3480
140 3481
141 3482
45 3483
45 3484
76 3485
122 3486
51 3487
45 3487
80 3488
53 3489
53 3490
37 3491
92 3491
68 3491
99 3491
86 3492
65 3492
38 3492
52 3493
138 3493
66 3494
134 3494
121 3494
152 3494
159 3495
90 3496
52 3496
100 3497
40 3497
98 3497
149 3497
39 3498
119 3499
91 3500
161 3500
83 3501
52 3502
134 3503
52 3504
48 3505
52 3506
52 3507
104 3508
53 3509
161 3510
156 3510
120 3510
139 3510
69 3511
100 3511
36 3511
122 3512
100 3512
99 3512
51 3512
45 3513
53 3514
46 3515
53 3516
39 3516
75 3517
122 3517
134 3518
45 3519
92 3520
37 3521
119 3521
137 3521
68 3521
51 3522
137 3522
100 3522
134 3522
122 3523
122 3524
121 3525
67 3526
121 3526
58 3527
143 3528
140 3529
138 3530
155 3531
161 3532
160 3533
111 3533
77 3533
47 3534
45 3535
116 3536
97 3537
46 3537
44 3538
97 3538
89 3538
52 3539
158 3540
40 3541
98 3542
50 3542
143 3543
42 3544
69 3544
161 3544
111 3545
116 3546
81 3547
52 3548
81 3549
140 3550
71 3551
124 3551
131 3552
137 3552
121 3552
161 3552
67 3552
89 3553
92 3553
92 3554
89 3554
89 3555
89 3556
89 3557
44 3558
89 3558
89 3559
58 3559
89 3560
89 3561
67 3562
89 3563
64 3564
89 3565
92 3566
44 3566
89 3566
71 3566
44 3567
123 3567
89 3567
89 3568
92 3568
89 3569
89 3570
89 3571
89 3572
92 3572
73 3572
88 3573
89 3573
89 3574
89 3575
89 3576
92 3577
89 3577
89 3578
92 3578
92 3579
89 3579
46 3579
89 3580
92 3580
89 3581
123 3581
44 3582
89 3582
89 3583
89 3584
73 3584
89 3585
89 3586
89 3587
92 3588
89 3588
97 3589
104 3589
97 3590
97 3591
143 3592
143 3593
39 3593
89 3594
74 3595
51 3595
80 3595
98 3595
50 3595
131 3595
83 3596
136 3596
131 3596
51 3596
113 3596
37 3596
104 3597
158 3598
83 3599
140 3600
107 3601
42 3602
36 3603
74 3603
111 3604
131 3604
52 3605
97 3606
58 3607
52 3608
52 3609
155 3610
141 3610
72 3611
41 3611
143 3612
52 3613
94 3614
53 3614
40 3614
37 3614
71 3614
46 3615
58 3615
161 3616
136 3616
137 3616
100 3616
159 3616
69 3617
36 3617
88 3617
161 3617
52 3618
52 3619
104 3620
52 3621
52 3622
46 3623
36 3624
124 3625
138 3626
97 3627
67 3628
48 3628
150 3628
52 3629
49 3630
65 3630
92 3631
112 3632
39 3633
97 3633
104 3634
44 3635
97 3635
130 3636
119 3636
46 3637
121 3638
92 3638
125 3639
152 3640
122 3641
92 3641
161 3642
121 3642
47 3643
161 3644
100 3645
133 3646
86 3647
79 3647
152 3648
136 3649
36 3649
126 3650
150 3650
113 3650
96 3651
97 3651
69 3652
139 3652
47 3653
93 3654
93 3655
47 3656
122 3657
76 3658
121 3659
92 3659
101 3659
45 3660
145 3661
122 3662
120 3663
128 3663
65 3664
37 3665
111 3665
73 3666
150 3667
101 3668
155 3669
159 3670
157 3671
142 3672
46 3673
45 3674
81 3675
52 3676
79 3677
36 3678
71 3678
148 3678
61 3678
71 3679
158 3679
81 3680
118 3681
158 3681
94 3681
71 3681
36 3681
52 3682
52 3683
81 3683
52 3684
161 3685
74 3686
94 3686
89 3687
48 3688
141 3689
141 3690
141 3691
141 3692
134 3693
52 3694
141 3695
81 3696
101 3697
141 3698
81 3699
53 3700
119 3700
136 3700
158 3700
52 3701
158 3702
98 3702
50 3702
44 3703
98 3704
131 3704
137 3704
92 3704
122 3704
98 3705
126 3705
122 3705
45 3705
154 3706
154 3707
121 3708
61 3709
91 3710
156 3710
49 3710
139 3710
93 3711
126 3711
71 3711
137 3711
152 3712
111 3713
126 3713
78 3713
99 3713
122 3713
37 3714
36 3714
98 3714
37 3715
122 3715
126 3715
36 3715
137 3716
131 3716
91 3717
139 3717
152 3717
136 3718
152 3718
47 3718
120 3718
159 3719
111 3719
140 3719
129 3720
45 3720
120 3720
50 3720
93 3721
150 3721
152 3722
122 3722
111 3722
129 3722
161 3723
152 3724
122 3724
62 3724
159 3724
100 3725
101 3725
151 3726
56 3726
37 3726
36 3727
143 3727
89 3728
46 3729
90 3730
133 3731
111 3731
92 3732
135 3732
61 3732
134 3733
38 3734
52 3735
59 3736
50 3736
88 3737
52 3738
52 3739
140 3740
52 3741
71 3742
72 3742
133 3743
122 3743
45 3743
71 3744
115 3744
53 3744
155 3745
101 3746
47 3747
153 3748
101 3749
126 3750
160 3751
58 3752
56 3753
120 3754
124 3755
58 3755
101 3756
60 3757
52 3758
94 3759
156 3759
148 3759
64 3760
134 3761
53 3762
52 3763
52 3764
121 3765
152 3765
45 3765
40 3765
149 3765
122 3765
146 3766
45 3766
111 3766
101 3766
100 3766
98 3767
45 3767
134 3767
156 3767
100 3768
45 3768
98 3768
161 3769
119 3770
134 3770
97 3771
91 3772
116 3773
119 3774
89 3775
135 3776
49 3777
49 3778
49 3779
111 3780
52 3781
52 3782
53 3783
138 3784
81 3784
52 3784
52 3785
46 3786
119 3787
138 3788
52 3789
153 3790
52 3791
92 3792
58 3793
38 3793
58 3794
38 3794
104 3795
135 3796
38 3796
39 3796
104 3796
104 3797
104 3798
92 3799
38 3800
104 3801
104 3802
38 3803
44 3804
58 3804
104 3804
38 3804
135 3805
38 3805
104 3805
104 3806
135 3806
58 3807
92 3807
39 3807
135 3808
38 3809
76 3809
38 3810
104 3810
39 3810
104 3811
38 3811
58 3811
125 3812
38 3813
58 3814
104 3814
80 3815
56 3815
159 3815
45 3815
67 3816
149 3816
100 3816
122 3816
137 3817
98 3817
50 3817
59 3818
50 3818
140 3818
131 3819
50 3819
124 3819
104 3820
38 3820
39 3820
38 3821
52 3822
38 3823
39 3823
45 3824
76 3825
76 3826
83 3827
161 3828
49 3829
79 3830
71 3830
53 3830
96 3831
101 3831
83 3832
56 3832
86 3833
52 3834
153 3835
89 3835
71 3835
81 3836
159 3837
124 3837
45 3838
76 3839
96 3839
71 3840
148 3840
85 3841
143 3842
143 3843
143 3844
143 3845
143 3846
52 3847
119 3848
53 3849
49 3850
133 3850
79 3851
45 3851
62 3852
96 3853
148 3853
45 3854
70 3855
80 3856
45 3856
161 3857
122 3857
45 3858
119 3858
45 3859
137 3859
40 3859
80 3860
56 3860
74 3860
134 3860
56 3861
76 3861
119 3861
121 3861
100 3862
137 3862
56 3862
56 3863
119 3863
161 3864
160 3864
37 3865
111 3865
137 3865
152 3866
137 3867
99 3867
92 3867
52 3868
53 3869
124 3870
121 3870
150 3870
150 3871
124 3871
161 3871
159 3871
52 3872
52 3873
84 3874
86 3874
71 3874
53 3875
111 3876
145 3877
56 3877
86 3878
57 3879
120 3880
161 3881
56 3882
56 3883
60 3883
75 3883
79 3884
98 3885
124 3885
42 3886
37 3887
44 3888
52 3889
52 3890
116 3891
122 3891
99 3891
52 3892
52 3893
38 3894
116 3894
91 3895
120 3895
47 3895
139 3895
138 3896
52 3897
77 3898
52 3899
36 3900
135 3900
151 3900
158 3900
61 3901
69 3901
71 3901
158 3901
53 3901
70 3902
70 3903
79 3904
53 3904
70 3905
70 3906
70 3907
71 3907
84 3908
86 3908
53 3908
143 3909
92 3910
100 3910
101 3910
121 3910
131 3910
132 3910
52 3911
52 3912
123 3913
47 3914
91 3914
99 3914
80 3914
130 3914
69 3914
136 3914
111 3915
122 3915
123 3916
73 3917
123 3918
52 3919
123 3920
97 3921
97 3922
123 3922
157 3923
157 3924
81 3925
52 3926
52 3927
156 3928
136 3928
36 3928
70 3929
46 3929
118 3930
138 3931
52 3931
127 3932
84 3932
39 3933
64 3934
97 3935
81 3935
97 3936
134 3937
121 3937
150 3938
92 3938
137 3938
158 3939
38 3940
52 3941
52 3942
52 3943
52 3944
69 3945
94 3945
36 3945
140 3946
121 3947
111 3948
144 3949
71 3950
124 3950
106 3950
82 3950
53 3950
50 3950
158 3950
52 3951
50 3952
137 3952
40 3952
92 3952
84 3952
96 3953
58 3954
89 3954
52 3955
52 3956
140 3957
72 3958
46 3959
76 3960
141 3961
38 3962
46 3963
142 3964
153 3964
46 3965
111 3966
153 3967
97 3968
142 3969
111 3970
58 3971
63 3972
153 3973
97 3973
104 3974
97 3974
76 3975
97 3975
39 3976
124 3977
149 3977
138 3977
74 3977
116 3978
156 3979
108 3979
99 3979
120 3980
139 3980
128 3980
129 3980
152 3980
89 3981
52 3982
143 3983
71 3984
97 3985
125 3986
99 3987
134 3987
74 3988
52 3989
52 3990
89 3991
80 3992
121 3992
124 3992
161 3993
121 3993
134 3993
53 3994
59 3995
98 3995
69 3995
36 3995
122 3996
152 3997
138 3998
73 3999
133 3999
49 4000
161 4001
100 4002
100 4003
137 4003
150 4003
40 4003
101 4003
45 4003
145 4004
121 4005
133 4006
161 4006
129 4007
126 4007
78 4007
149 4007
157 4008
45 4009
119 4010
141 4011
141 4012
141 4013
141 4014
141 4015
137 4016
56 4016
121 4016
158 4017
81 4018
121 4019
100 4019
89 4020
75 4021
152 4022
98 4022
37 4022
51 4022
69 4022
141 4023
141 4024
116 4025
155 4026
133 4027
130 4028
97 4028
148 4029
135 4030
50 4030
58 4030
104 4030
121 4031
159 4031
161 4031
134 4032
161 4032
121 4032
59 4033
118 4033
97 4033
71 4033
109 4034
83 4034
159 4035
159 4036
100 4036
136 4036
68 4037
88 4037
71 4037
97 4037
96 4037
82 4037
83 4037
72 4037
100 4038
159 4038
92 4039
76 4039
71 4040
115 4040
36 4040
130 4040
36 4041
98 4041
156 4041
80 4042
111 4042
152 4043
47 4043
121 4043
100 4043
138 4044
124 4045
108 4045
122 4046
100 4047
122 4047
158 4047
125 4048
148 4048
70 4048
82 4048
155 4049
138 4050
77 4051
68 4051
86 4051
159 4052
161 4052
138 4053
47 4054
121 4054
149 4054
148 4055
145 4055
96 4055
51 4056
90 4056
121 4056
82 4057
53 4057
70 4057
90 4058
119 4058
60 4059
58 4059
145 4059
83 4060
53 4060
157 4061
56 4062
161 4063
92 4064
81 4064
89 4064
155 4064
122 4065
49 4065
161 4065
134 4066
119 4066
105 4067
50 4068
45 4069
122 4069
100 4069
51 4070
150 4070
121 4070
127 4071
86 4072
97 4072
96 4072
58 4073
125 4073
122 4074
92 4074
161 4075
93 4076
113 4077
143 4077
145 4077
144 4078
93 4079
74 4079
74 4080
61 4081
66 4081
99 4081
138 4082
139 4083
136 4083
161 4084
80 4084
126 4084
98 4085
111 4085
121 4086
62 4086
80 4087
121 4087
126 4087
121 4088
111 4089
51 4089
98 4089
129 4089
137 4089
80 4090
100 4091
101 4091
137 4091
55 4091
61 4091
131 4092
51 4093
101 4094
51 4094
100 4094
40 4095
137 4095
66 4096
62 4096
40 4097
139 4098
127 4099
85 4099
88 4099
136 4100
85 4101
91 4102
121 4103
150 4103
140 4103
36 4104
136 4104
86 4104
76 4105
88 4106
144 4106
72 4106
55 4106
145 4106
76 4107
151 4108
45 4109
101 4110
100 4110
148 4110
109 4111
66 4111
156 4111
129 4111
62 4111
103 4112
148 4112
145 4112
82 4112
45 4113
92 4114
79 4115
139 4116
134 4117
53 4117
119 4117
37 4118
154 4119
96 4119
161 4119
156 4120
58 4120
92 4120
65 4121
143 4121
103 4122
62 4123
161 4124
71 4125
81 4126
115 4126
79 4127
157 4128
41 4129
86 4130
109 4130
156 4130
128 4131
141 4132
119 4132
42 4133
125 4134
106 4135
85 4136
86 4136
118 4137
71 4137
78 4138
148 4138
118 4139
74 4140
82 4141
86 4142
84 4143
136 4144
82 4145
148 4145
71 4145
115 4146
86 4147
86 4148
86 4149
118 4150
120 4150
86 4151
85 4151
71 4152
96 4152
82 4152
115 4153
71 4154
86 4155
84 4156
52 4157
92 4158
102 4158
38 4159
154 4159
57 4160
158 4160
38 4161
92 4162
157 4163
73 4164
157 4165
46 4166
161 4166
81 4167
127 4168
161 4169
42 4170
99 4170
73 4171
136 4171
136 4172
115 4173
147 4174
108 4174
67 4175
97 4176
141 4176
136 4177
37 4177
39 4178
121 4178
134 4179
45 4179
137 4179
50 4179
80 4179
10 4180
18 4180
7 4180
150 4181
3 4182
20 4182
99 4183
142 4183
89 4184
52 4185
89 4186
128 4187
101 4187
81 4188
63 4189
40 4190
129 4190
65 4191
124 4191
92 4192
66 4193
111 4193
135 4194
97 4194
126 4195
45 4196
137 4197
100 4197
136 4197
137 4198
161 4198
159 4198
45 4199
45 4200
52 4201
45 4202
135 4202
50 4202
151 4203
99 4203
61 4203
80 4203
89 4204
90 4205
89 4205
51 4206
80 4206
45 4206
122 4206
52 4207
52 4208
138 4209
52 4210
53 4211
52 4212
77 4213
77 4214
52 4215
52 4216
104 4217
90 4218
77 4219
144 4220
42 4221
131 4222
36 4223
44 4224
90 4225
143 4226
143 4227
133 4228
111 4229
111 4230
38 4230
133 4230
106 4231
115 4231
108 4231
73 4232
138 4232
106 4232
83 4233
143 4234
94 4235
45 4236
45 4237
128 4238
78 4238
38 4239
111 4239
152 4240
46 4241
77 4241
47 4242
89 4243
52 4244
47 4245
147 4245
67 4246
147 4247
140 4248
147 4249
72 4250
77 4251
89 4252
104 4253
83 4254
52 4255
83 4256
131 4257
58 4258
147 4259
99 4260
52 4261
127 4262
115 4263
72 4264
159 4265
123 4266
64 4267
157 4268
55 4269
106 4270
82 4270
89 4271
141 4272
62 4273
59 4274
131 4274
134 4274
50 4274
101 4275
53 4275
86 4275
71 4275
74 4276
56 4276
137 4277
65 4277
100 4278
80 4278
45 4278
101 4278
70 4279
79 4279
120 4280
86 4281
130 4282
154 4282
98 4283
78 4283
80 4283
129 4284
40 4285
53 4286
81 4287
64 4287
67 4288
141 4289
36 4290
161 4290
136 4290
143 4291
58 4292
77 4293
161 4294
143 4295
125 4296
41 4297
90 4298
81 4299
98 4300
141 4301
122 4302
103 4303
52 4304
106 4305
79 4305
155 4306
42 4307
144 4308
140 4309
140 4310
161 4311
64 4312
46 4313
59 4314
109 4314
98 4314
136 4314
50 4314
130 4315
38 4316
86 4316
89 4317
92 4318
101 4318
116 4319
71 4320
70 4321
49 4321
138 4322
104 4323
97 4323
96 4324
45 4325
121 4326
130 4327
111 4327
54 4327
50 4327
146 4327
154 4327
71 4328
109 4329
120 4330
50 4331
111 4331
68 4332
145 4332
157 4333
45 4334
52 4334
46 4334
64 4335
68 4336
80 4337
124 4337
51 4337
74 4337
103 4338
149 4339
98 4339
124 4340
3 4341
133 4341
98 4341
45 4342
138 4343
109 4344
140 4345
69 4346
83 4347
145 4347
52 4348
52 4349
52 4350
140 4351
99 4351
52 4352
60 4353
78 4354
47 4354
14 4355
134 4356
137 4356
151 4356
101 4357
124 4357
84 4357
83 4357
108 4358
93 4359
71 4360
70 4360
55 4360
36 4360
151 4360
37 4360
111 4361
133 4361
97 4362
105 4363
116 4364
64 4364
137 4365
100 4365
101 4365
45 4365
70 4366
74 4366
79 4367
52 4367
155 4367
128 4368
76 4368
122 4368
97 4369
45 4370
52 4371
140 4372
116 4372
38 4373
116 4373
38 4374
141 4375
97 4376
111 4377
157 4378
48 4379
52 4380
155 4381
140 4382
90 4383
52 4383
45 4384
144 4385
145 4386
145 4387
158 4388
159 4389
161 4389
124 4389
40 4389
71 4389
141 4390
111 4391
145 4391
144 4392
83 4393
57 4394
122 4395
83 4396
89 4396
97 4396
52 4397
141 4398
93 4399
76 4400
144 4401
70 4402
86 4403
138 4404
52 4405
92 4405
136 4406
51 4406
124 4406
62 4407
85 4407
53 4408
52 4409
80 4410
152 4410
62 4410
51 4410
159 4411
55 4411
91 4411
90 4411
45 4412
155 4413
59 4414
61 4414
94 4414
131 4415
146 4415
139 4415
47 4416
56 4417
115 4418
53 4418
53 4419
59 4420
151 4420
69 4420
155 4421
135 4422
73 4422
58 4423
89 4424
124 4425
136 4425
65 4425
104 4426
81 4427
71 4428
133 4429
97 4430
55 4431
56 4432
141 4433
161 4434
45 4435
155 4436
133 4437
142 4438
41 4439
133 4440
113 4440
133 4441
97 4442
38 4442
81 4443
65 4444
156 4445
52 4446
143 4447
64 4448
45 4449
86 4450
141 4451
65 4452
101 4452
143 4452
68 4453
148 4454
52 4455
52 4456
122 4457
137 4457
125 4458
72 4458
64 4459
70 4460
111 4461
62 4462
51 4462
91 4462
157 4463
141 4464
125 4465
106 4465
81 4466
89 4467
58 4468
63 4469
143 4470
52 4471
133 4472
44 4472
37 4473
133 4473
84 4474
86 4474
149 4475
150 4475
52 4476
71 4477
83 4477
53 4477
92 4478
111 4478
159 4478
74 4479
45 4480
100 4480
51 4480
129 4480
101 4480
61 4480
135 4481
141 4482
155 4483
150 4484
85 4485
84 4485
148 4485
137 4486
152 4486
131 4486
14 4487
15 4487
45 4488
158 4489
83 4489
72 4490
36 4490
147 4490
129 4491
152 4491
52 4492
14 4493
121 4493
142 4494
126 4495
131 4496
152 4496
120 4496
50 4496
52 4497
52 4498
134 4499
119 4499
139 4500
40 4500
39 4501
119 4501
104 4502
98 4503
99 4503
50 4503
138 4503
139 4503
56 4504
104 4505
45 4506
158 4507
61 4507
108 4508
148 4508
71 4508
82 4508
124 4508
106 4508
78 4508
97 4509
138 4509
83 4509
89 4509
82 4510
143 4510
150 4511
134 4511
145 4512
38 4513
47 4514
64 4515
104 4516
86 4517
96 4518
39 4518
140 4519
92 4520
155 4521
52 4522
49 4523
93 4523
138 4523
141 4524
92 4524
97 4525
148 4526
59 4527
37 4527
67 4527
50 4527
103 4528
77 4529
51 4530
137 4530
159 4530
52 4531
65 4532
60 4532
137 4533
159 4533
161 4533
80 4533
100 4533
111 4534
128 4534
133 4534
81 4535
119 4536
60 4537
45 4537
78 4538
64 4539
86 4540
70 4541
118 4541
85 4541
119 4542
161 4543
161 4544
108 4545
42 4546
97 4547
39 4547
39 4548
38 4549
145 4549
45 4550
79 4551
85 4552
102 4553
52 4554
52 4555
103 4556
52 4557
73 4558
65 4559
61 4560
129 4560
149 4560
45 4561
155 4562
141 4563
52 4564
54 4565
157 4566
44 4567
71 4568
107 4568
46 4569
115 4569
111 4570
77 4571
116 4572
86 4573
97 4574
104 4574
81 4575
48 4576
104 4577
111 4578
97 4579
81 4580
81 4581
119 4582
81 4583
83 4583
97 4584
89 4584
81 4585
44 4586
89 4586
41 4587
132 4588
70 4589
144 4590
83 4591
112 4592
141 4593
111 4594
154 4594
140 4594
38 4595
140 4596
64 4597
116 4597
61 4598
120 4598
39 4599
64 4599
64 4600
158 4600
38 4601
48 4602
64 4602
41 4603
157 4604
44 4605
127 4606
148 4607
127 4607
127 4608
153 4608
107 4609
44 4610
153 4610
127 4610
36 4611
127 4612
127 4613
127 4614
42 4615
127 4616
107 4617
127 4618
154 4619
127 4620
86 4621
82 4621
127 4622
127 4623
127 4624
39 4625
150 4626
107 4627
107 4628
144 4629
147 4630
82 4631
86 4632
81 4633
81 4634
45 4635
127 4636
76 4637
70 4638
118 4638
130 4639
63 4640
136 4641
77 4642
44 4642
140 4643
77 4644
133 4645
122 4646
150 4647
79 4648
93 4649
134 4650
142 4651
45 4652
128 4653
76 4653
83 4654
44 4654
46 4655
142 4655
77 4656
68 4657
144 4658
108 4659
67 4660
90 4661
81 4662
140 4663
52 4664
148 4665
58 4665
44 4666
143 4667
108 4668
52 4669
52 4670
116 4671
65 4671
126 4671
126 4672
144 4673
147 4674
128 4675
52 4676
52 4677
52 4678
41 4679
38 4679
130 4680
121 4680
101 4680
88 4680
100 4680
80 4681
65 4681
51 4681
52 4682
53 4683
71 4683
96 4684
93 4684
53 4685
70 4685
86 4686
105 4687
138 4688
52 4689
39 4690
14 4690
143 4691
97 4692
133 4693
80 4693
52 4694
111 4695
79 4696
122 4696
161 4696
138 4697
161 4697
121 4698
161 4698
56 4699
56 4700
84 4701
85 4701
95 4701
49 4702
56 4702
116 4703
161 4704
118 4705
3 4706
18 4706
122 4707
121 4707
47 4708
54 4709
21 4710
150 4710
134 4710
60 4711
86 4712
107 4713
160 4714
115 4715
44 4715
58 4715
108 4716
50 4717
118 4717
57 4717
77 4718
126 4719
41 4720
104 4721
54 4722
58 4723
58 4724
135 4725
135 4725
89 4726
104 4727
89 4728
56 4729
133 4730
52 4731
152 4732
99 4733
121 4733
119 4733
24 4734
33 4734
27 4734
23 4734
34 4734
8 4734
35 4734
92 4735
159 4735
131 4735
65 4736
39 4737
36 4738
61 4738
70 4738
71 4738
151 4738
65 4739
141 4740
140 4741
52 4742
143 4743
65 4744
52 4745
158 4746
38 4747
89 4748
111 4749
138 4750
52 4751
111 4752
46 4752
71 4753
111 4753
130 4754
36 4754
52 4755
98 4756
99 4756
7 4757
158 4757
97 4757
36 4758
71 4758
140 4759
140 4760
124 4761
100 4761
52 4762
52 4763
148 4764
36 4764
149 4765
109 4765
52 4765
130 4766
111 4766
50 4767
142 4768
52 4769
45 4769
50 4770
145 4771
158 4772
52 4773
90 4773
55 4774
86 4774
126 4774
36 4774
148 4775
71 4775
36 4775
139 4776
36 4776
159 4776
58 4777
95 4777
3 4778
84 4779
49 4780
86 4780
47 4781
17 4781
145 4781
56 4782
63 4783
89 4783
65 4784
159 4784
3 4785
26 4785
12 4785
27 4785
5 4785
33 4785
39 4786
143 4787
93 4788
17 4788
100 4789
110 4789
70 4790
56 4791
106 4791
35 4792
2 4793
143 4794
53 4795
65 4795
86 4795
95 4795
71 4796
75 4796
86 4796
95 4797
114 4797
85 4798
95 4798
49 4798
79 4799
86 4799
10 4800
22 4800
33 4800
8 4800
29 4800
24 4800
5 4801
134 4802
119 4802
97 4802
60 4803
83 4804
71 4804
72 4804
77 4804
44 4804
101 4805
143 4805
101 4806
18 4807
5 4807
14 4808
15 4809
14 4810
70 4811
106 4811
56 4812
56 4813
161 4813
56 4814
56 4815
83 4815
18 4816
0 4816
5 4816
15 4817
14 4818
15 4818
122 4818
91 4819
100 4819
138 4820
138 4821
119 4822
45 4822
7 4823
81 4824
61 4825
52 4826
56 4827
93 4827
56 4828
56 4829
56 4830
70 4831
106 4831
7 4832
2 4832
22 4833
97 4834
119 4835
49 4836
56 4836
113 4836
128 4836
56 4837
138 4838
138 4839
39 4840
81 4841
14 4842
14 4843
95 4843
145 4843
14 4844
83 4845
97 4846
70 4847
95 4847
106 4847
125 4847
86 4848
120 4848
95 4849
114 4849
70 4850
71 4850
70 4851
78 4851
106 4851
148 4851
71 4852
82 4852
53 4853
71 4853
82 4853
84 4854
85 4854
58 4855
95 4855
114 4855
97 4856
108 4857
104 4858
70 4859
29 4860
3 4860
19 4860
1 4860
39 4861
45 4861
29 4862
9 4862
10 4862
8 4862
5 4862
56 4863
45 4864
143 4864
60 4865
14 4865
86 4866
22 4867
26 4868
63 4868
15 4869
86 4870
29 4871
23 4871
15 4871
97 4872
83 4872
89 4872
138 4872
138 4873
110 4873
108 4873
45 4874
75 4875
82 4875
86 4875
120 4876
119 4877
97 4877
38 4877
95 4878
114 4878
85 4879
93 4879
110 4879
108 4880
63 4880
97 4881
144 4882
72 4882
95 4883
138 4883
97 4884
63 4884
51 4885
83 4885
58 4886
82 4886
95 4886
120 4886
78 4887
110 4887
161 4887
56 4888
3 4889
5 4889
23 4889
32 4889
61 4890
119 4890
95 4891
71 4891
148 4891
114 4891
58 4891
125 4891
82 4891
106 4891
14 4891
93 4892
138 4892
79 4893
86 4893
145 4893
18 4894
53 4894
83 4894
56 4895
56 4896
93 4896
63 4897
5 4898
0 4898
18 4899
18 4900
2 4900
82 4901
84 4901
86 4901
78 4902
86 4902
110 4902
20 4903
97 4904
97 4905
97 4906
107 4906
39 4907
108 4907
115 4907
58 4908
82 4908
86 4908
95 4908
63 4909
5 4910
15 4911
5 4911
18 4911
3 4911
97 4912
134 4912
119 4912
45 4913
128 4913
133 4913
56 4914
158 4915
97 4915
70 4916
71 4916
46 4917
0 4918
160 4919
46 4919
67 4919
95 4920
82 4920
93 4920
95 4921
125 4921
70 4922
95 4922
24 4923
108 4924
78 4924
72 4925
118 4925
89 4926
131 4927
87 4928
58 4929
81 4930
119 4930
60 4931
52 4932
95 4933
106 4933
114 4933
71 4934
82 4934
85 4934
95 4934
106 4934
82 4935
82 4936
97 4937
134 4938
39 4939
83 4940
120 4941
45 4941
157 4942
100 4943
71 4943
159 4944
72 4945
89 4946
122 4947
76 4947
86 4948
160 4949
142 4950
130 4951
71 4952
82 4952
82 4953
3 4954
12 4954
5 4954
23 4954
38 4955
101 4956
45 4957
56 4957
97 4958
107 4958
148 4958
70 4959
95 4959
106 4959
18 4960
2 4960
138 4961
82 4962
95 4962
106 4962
22 4963
21 4963
13 4963
5 4963
1 4963
30 4963
24 4964
20 4964
10 4964
25 4964
8 4964
97 4965
58 4966
3 4967
15 4967
32 4967
106 4968
97 4969
44 4970
58 4970
97 4970
108 4970
148 4970
41 4971
18 4972
53 4972
83 4972
53 4973
82 4973
78 4974
161 4974
56 4975
29 4976
5 4976
9 4976
15 4976
3 4976
26 4976
142 4977
29 4978
26 4978
1 4978
5 4978
3 4978
34 4979
35 4979
29 4979
5 4979
26 4979
15 4979
3 4980
23 4980
5 4980
15 4980
3 4981
27 4981
15 4981
1 4981
28 4981
9 4981
49 4982
56 4982
3 4983
8 4984
22 4984
33 4984
15 4984
26 4985
29 4985
28 4985
27 4986
32 4986
12 4986
19 4986
44 4987
72 4987
95 4988
114 4988
82 4989
82 4990
108 4991
97 4992
63 4993
153 4994
108 4995
108 4996
8 4997
111 4998
15 4999
136 4999
95 4999
108 5000
56 5001
110 5001
70 5002
95 5002
56 5003
85 5004
70 5004
95 5004
134 5005
15 5005
3 5005
29 5006
18 5006
5 5006
3 5006
114 5007
95 5007
156 5007
70 5008
5 5009
29 5009
3 5009
108 5010
82 5011
70 5011
71 5011
9 5012
23 5012
35 5012
24 5012
27 5012
15 5012
84 5013
95 5013
110 5013
118 5013
108 5014
97 5015
21 5016
26 5016
22 5016
13 5016
15 5016
6 5016
1 5016
105 5017
82 5018
79 5019
142 5020
108 5021
82 5022
108 5022
108 5023
108 5024
108 5025
108 5026
108 5027
108 5028
95 5029
84 5029
85 5029
45 5030
58 5030
15 5031
49 5032
56 5032
9 5033
29 5033
19 5033
5 5033
22 5033
34 5033
108 5034
97 5035
82 5036
108 5036
52 5037
18 5038
151 5039
83 5040
98 5041
129 5041
8 5042
19 5042
5 5042
10 5043
11 5043
24 5043
22 5043
15 5043
28 5044
86 5045
82 5046
86 5046
95 5047
53 5047
39 5048
97 5048
63 5048
95 5049
86 5049
70 5049
106 5049
104 5050
58 5050
97 5050
63 5050
75 5051
161 5051
56 5052
56 5053
92 5054
28 5055
21 5055
9 5055
11 5056
4 5056
97 5057
123 5058
105 5058
160 5058
44 5059
81 5060
90 5060
159 5061
52 5062
161 5063
138 5064
97 5065
72 5065
44 5065
104 5066
53 5067
115 5067
108 5068
108 5069
63 5070
82 5071
108 5072
108 5073
108 5074
108 5075
108 5076
108 5077
108 5078
108 5079
82 5080
108 5080
108 5081
104 5082
49 5083
97 5084
108 5085
108 5086
83 5087
142 5088
108 5089
83 5090
53 5091
153 5092
84 5093
82 5094
108 5095
108 5096
108 5097
108 5098
56 5099
75 5100
71 5101
82 5101
106 5101
110 5101
86 5102
75 5102
49 5103
56 5103
86 5104
119 5105
108 5106
134 5106
15 5106
34 5107
25 5107
9 5107
35 5107
23 5107
30 5107
24 5107
15 5108
22 5108
32 5108
35 5108
33 5108
9 5108
34 5108
5 5109
6 5109
18 5109
53 5110
45 5111
15 5111
71 5112
82 5112
83 5112
95 5112
125 5112
15 5113
28 5113
22 5113
35 5113
5 5114
19 5114
0 5114
22 5114
11 5114
33 5114
3 5115
26 5115
9 5115
5 5115
29 5115
22 5115
20 5116
127 5116
56 5117
57 5118
58 5118
60 5118
8 5119
53 5120
71 5120
15 5121
3 5121
26 5121
5 5121
28 5121
5 5122
34 5122
29 5122
6 5122
22 5122
35 5123
2 5124
94 5124
97 5124
108 5124
95 5125
106 5125
82 5125
71 5125
148 5126
70 5126
71 5126
156 5126
26 5127
9 5127
29 5127
3 5127
5 5127
22 5127
10 5128
8 5128
15 5128
18 5128
9 5128
19 5129
5 5129
0 5129
22 5129
86 5130
85 5130
106 5130
27 5131
12 5131
9 5131
18 5131
95 5132
106 5132
63 5133
29 5134
6 5134
18 5134
3 5134
5 5134
31 5135
22 5135
18 5136
45 5136
106 5137
125 5137
95 5137
5 5138
13 5138
10 5138
19 5138
15 5138
56 5139
10 5140
8 5141
5 5141
3 5142
39 5143
63 5143
97 5143
108 5143
127 5144
83 5144
97 5144
57 5144
97 5145
18 5146
15 5146
0 5146
15 5147
5 5147
29 5147
28 5147
33 5148
12 5148
26 5148
22 5148
29 5148
34 5148
18 5149
5 5149
29 5149
6 5149
158 5150
9 5151
26 5151
29 5151
22 5151
13 5151
5 5151
11 5152
111 5152
97 5152
29 5153
9 5153
12 5153
5 5153
34 5153
49 5154
49 5155
49 5156
29 5157
9 5157
22 5157
26 5157
3 5157
1 5157
27 5157
147 5158
97 5158
111 5158
44 5158
23 5159
26 5160
108 5161
34 5162
23 5162
11 5162
7 5163
5 5163
19 5163
34 5164
29 5164
22 5164
13 5164
6 5164
26 5164
5 5164
15 5165
63 5166
15 5167
34 5167
9 5167
29 5167
0 5168
5 5168
19 5169
34 5170
29 5170
5 5170
35 5170
13 5170
10 5171
18 5172
3 5173
29 5173
26 5173
5 5173
0 5173
19 5173
25 5174
22 5174
12 5174
5 5174
11 5175
18 5176
3 5177
5 5177
24 5178
8 5178
7 5178
6 5179
33 5180
34 5181
35 5181
11 5181
104 5182
18 5183
12 5184
29 5185
34 5185
20 5185
26 5185
22 5185
14 5186
34 5187
21 5187
31 5187
24 5187
34 5188
0 5188
23 5188
33 5188
9 5188
3 5189
23 5189
5 5190
22 5190
15 5190
18 5191
3 5192
134 5192
119 5192
56 5192
15 5193
18 5193
97 5194
97 5195
97 5196
11 5197
18 5198
5 5199
18 5199
107 5200
0 5201
23 5201
14 5201
0 5202
5 5202
11 5202
7 5202
18 5203
86 5204
53 5204
63 5204
39 5205
