   1 2 3 4 5 6 7 8 9 10 11 12 13 14 15 16 17 18 19 20 21 22 23 24 25 26 27 28 29 30 31 32 33 34 35 36 37 38 39 40 41 42 43 44 45 46 47 48 49 50 51 52 53 54 55 56 57 58 59 60 61 62 63 64 65 66 67 68 69 70 71 72 73 74 75 76 77 78 79 80 81 82 83 84 85 86 87 88 89 90 91 92 93 94 95 96 97 98 99 100 101 102 103 104 105 106 107 108 109 110 111 112 113 114 115 116 117 118 119 120 121 122 123 124 125 126 127 128 129 130 131 132 133 134 135 136 137 138 139 140 141 142 143 144 145 146 147 148 149 150 151 152 153 154 155 156 157 158 159 160 161 162 
5205    54 64 87 
5203    1 6 8 12 
5202    1 15 24 
5193    4 57 120 135 
5191    6 16 23 
5189    1 10 24 34 35 
5189 5202    1 24 
5188    22 25 32 35 
5186    21 23 27 30 35 
5182    12 35 36 
5179    8 9 25 
5175    6 13 23 26 
5174    1 4 6 20 27 30 
5171    6 14 30 35 36 
5168    10 16 30 35 
5165    6 7 14 23 27 30 35 
5165 5171    6 14 30 35 
5164    6 8 20 
5164 5203    6 8 
5163    12 24 35 
5163 5182    12 35 
5159    45 98 112 148 
5158    2 4 10 23 27 28 30 
5154    6 10 13 30 35 
5153    12 98 112 
5152    6 10 14 23 27 30 
5152 5165    6 14 23 27 30 
5152 5165 5171    6 14 30 
5149    13 23 27 30 34 35 
5149 5175    13 23 
5149 5165 5186    23 27 30 35 
5149 5154    13 30 35 
5148    6 16 29 30 
5147    1 16 19 
5145    58 84 98 128 
5144    40 64 98 109 
5139    6 11 14 16 20 
5137    19 46 
5136    23 32 
5135    4 6 7 19 30 
5135 5150    6 7 19 30 
5132    10 13 19 28 
5131    86 87 107 
5129    9 10 11 16 19 
5129 5132    10 19 
5127    71 72 149 157 
5125    3 95 98 109 
5123 5165    6 7 23 30 35 
5123 5135 5150 5165    6 7 30 
5122    4 6 16 27 29 
5122 5148    6 16 29 
5117    21 128 
5116 5128    4 6 10 23 27 30 
5116 5128 5158    4 10 23 27 30 
5116 5128 5152    6 10 23 27 30 
5116 5128 5152 5165    6 23 27 30 
5116 5128 5152 5158    10 23 27 30 
5116 5128 5149 5152 5158 5165 5186    23 27 30 
5115    1 6 12 20 23 34 
5115 5203    1 6 12 
5115 5189    1 34 
5115 5130    1 6 20 23 
5115 5130 5174    1 6 20 
5114    16 23 29 36 
5113    72 83 84 96 126 
5112    16 46 
5110 5135 5150    6 7 19 
5110 5123 5135 5150 5165    6 7 
5109    10 16 23 33 34 35 36 
5109 5168    10 16 35 
5109 5114    16 23 36 
5108    10 24 25 26 31 35 36 
5107    16 109 135 
5102    72 83 107 111 
5061    82 91 
5059    106 124 161 
5057    5 12 
5056    10 22 29 
5051    59 64 98 105 
5050    71 87 96 107 
5049 5144    40 64 98 
5044    11 12 16 23 25 
5044 5129 5139    11 16 
5044 5115    12 23 
5043    6 9 20 
5034    6 10 20 23 30 35 
5034 5154    6 10 30 35 
5034 5154 5168    10 30 35 
5034 5123 5165    6 23 30 35 
5034 5123 5149 5165 5186    23 30 35 
5034 5116 5128 5152    6 10 23 30 
5034 5116 5128 5152 5158    10 23 30 
5034 5116 5123 5128 5152 5165    6 23 30 
5034 5115 5130    6 20 23 
5017    2 7 14 16 22 23 27 
5017 5158    2 23 27 
5017 5139    14 16 
5014    85 96 111 119 
5013    10 16 24 25 28 36 
5013 5109    10 16 36 
5013 5108    10 24 25 36 
5013 5044    16 25 
5008    96 115 157 
5007 5135    4 6 19 30 
5007 5135 5150    6 19 30 
5006    4 16 135 
5006 5193    4 135 
5006 5107    16 135 
5005    71 86 96 
5002    57 111 
5000    16 96 137 
4987    13 20 28 33 
4986    27 29 30 
4986 5148    29 30 
4985    9 16 23 34 
4985 5129    9 16 
4985 5109    16 23 34 
4985 5017 5044 5109 5114 5191    16 23 
4982    2 4 10 16 28 29 
4982 5158    2 4 10 28 
4982 5122    4 16 29 
4982 5114 5122 5148    16 29 
4982 5017    2 16 
4982 5013    10 16 28 
4982 5013 5132 5158    10 28 
4981    4 6 16 24 
4980    6 16 27 30 35 36 
4980 5171    6 30 35 36 
4980 5168    16 30 35 
4980 5165    6 27 30 35 
4980 5149 5165 5186    27 30 35 
4980 5109    16 35 36 
4980 5109 5168    16 35 
4980 5034 5123 5154 5165 5171    6 30 35 
4980 5034 5123 5149 5154 5165 5168 5171 5186    30 35 
4980 5013 5109 5114    16 36 
4979    2 4 6 27 30 
4979 5158    2 4 27 30 
4979 5017 5158    2 27 
4977    4 6 10 16 27 30 
4977 5168    10 16 30 
4977 5122    4 6 16 27 
4977 4982    4 10 16 
4977 4982 5013 5109 5129 5168    10 16 
4977 4980    6 16 27 30 
4977 4980 5148    6 16 30 
4977 4980 5122    6 16 27 
4977 4980 5017 5122    16 27 
4971    45 59 98 109 149 
4968    4 16 33 
4968 5109    16 33 
4965    9 11 21 25 26 
4964    2 6 14 22 23 31 
4964 5152 5165    6 14 23 
4964 5139 5152 5165 5171    6 14 
4964 5034 5115 5116 5123 5128 5130 5152 5165 5175 5191    6 23 
4964 5017    2 14 22 23 
4964 5017 5158    2 23 
4964 4979    2 6 
4959    98 108 149 
4959 4971    98 149 
4955    4 6 13 24 
4944    72 101 
4935    72 83 86 96 107 
4935 5131    86 107 
4931    82 120 
4926    73 119 
4921    83 94 96 
4920    47 68 161 
4912    4 6 16 19 
4912 5129 5147 5194    16 19 
4912 5007 5135    4 6 19 
4912 4977 4981 5122    4 6 16 
4912 4977 4980 4981 5122 5139 5148 5191    6 16 
4912 4968 4977 4981 4982 5006 5122    4 16 
4909    59 83 87 96 
4908    40 109 116 
4908 5144    40 109 
4907 4959    98 108 
4903    79 87 111 
4902    83 85 87 
4901 4961    3 19 
4895 4973    19 54 84 
4894    80 87 146 
4892    15 59 72 83 96 107 115 126 149 
4892 5113    72 83 96 126 
4892 4935 5126    72 83 96 107 
4892 4935 5113 5126    72 83 96 
4892 4935 4963 5126    83 96 107 
4892 4934    96 107 115 
4890    4 6 24 33 
4890 4968    4 33 
4890 4955 4981    4 6 24 
4890 4955 4981 5190    4 24 
4888    79 111 162 
4888 4903    79 111 
4887    59 83 96 121 
4887 4892 4909    59 83 96 
4887 4892 4909 4921 4935 4963 5113 5126    83 96 
4885 5049 5051 5144    64 98 
4884    96 139 
4881 5144    64 109 
4880    86 94 111 
4878    39 98 120 
4876    76 83 87 
4874    109 111 139 
4872    16 24 30 
4872 4981 5013    16 24 
4872 4977 4980 5148 5168    16 30 
4869    27 64 
4866    15 61 
4863    6 9 10 11 30 
4863 5139    6 11 
4863 5129    9 10 11 
4863 5043 5142    6 9 
4862    40 46 
4861    2 4 20 30 
4861 4979 5158    2 4 30 
4861 4979 4982 5158    2 4 
4856 4892    59 96 115 
4852    71 79 107 149 
4848    71 96 107 126 
4848 4960 5050    71 96 107 
4848 4923 4960 5003 5005 5050    71 96 
4848 4892 5138    96 107 126 
4848 4892 4934 4935 4960 4963 5050 5126 5133 5138    96 107 
4844    15 96 146 
4844 4892    15 96 
4837    50 57 114 129 
4833    3 8 
4828 4897    57 94 
4819    15 16 123 
4817    1 6 19 
4817 5147    1 19 
4817 4899 5115 5130 5169 5174 5203    1 6 
4812 4832 4848 4852 4960 5050    71 107 
4808 4817 4912 5007 5110 5135 5150 5200    6 19 
4805    45 72 73 78 84 
4803 4913    98 120 135 
4803 4878 4913    98 120 
4801    9 11 23 25 30 34 
4801 5149    23 30 34 
4801 5044    11 23 25 
4801 5034 5116 5123 5128 5149 5152 5158 5165 5186    23 30 
4801 4985    9 23 34 
4799    50 86 96 
4797    72 76 87 
4797 4876 5103    76 87 
4796    54 66 87 96 
4796 5048    54 96 
4796 4909 5050    87 96 
4792    57 107 
4790    101 111 
4789    18 94 
4786    4 6 13 27 28 34 
4786 5158    4 27 28 
4786 5149    13 27 34 
4786 5115    6 34 
4786 4987 5132    13 28 
4786 4982 5158    4 28 
4785    66 160 
4784    64 90 
4782    18 48 146 
4778 4856 4887 4892 4909    59 96 
4777    37 140 160 
4775    37 56 87 127 
4766    53 110 150 
4758    8 98 159 
4753    47 112 
4739    37 62 71 72 152 
4735    9 24 25 28 34 35 36 
4735 5108    24 25 35 36 
4735 5108 5188    25 35 
4735 5013    24 25 28 36 
4735 5013 5108    24 25 36 
4735 4801    9 25 34 
4735 4801 4985    9 34 
4735 4786    28 34 
4735 4786 4982 4987 5013 5132 5158    28 
4734    100 120 122 
4718    51 58 119 
4716    45 59 116 
4711    22 135 151 
4707 4912 5007 5135    4 19 
4702 5030    85 86 96 
4702 5014 5030    85 96 
4702 4799 4935 5005 5030    86 96 
4698    139 162 
4697    80 123 162 
4694    81 134 
4691    15 40 
4682    52 66 81 
4681    89 101 102 122 131 
4672    66 117 127 
4643 4805    45 78 
4611    45 128 154 
4608    128 149 
4603    49 65 
4601    65 159 
4600    40 65 
4599    62 121 
4595    112 141 155 
4584    82 84 
4570    47 116 
4569    72 108 
4561    62 130 150 
4550    39 146 
4542    71 86 119 
4535    112 129 134 
4534    81 101 138 160 162 
4533    61 66 
4531    52 138 160 
4528    38 51 60 68 
4524    50 94 139 
4524 4893    94 139 
4519    40 97 
4512 4711    135 151 
4511    83 144 
4510 4873    84 90 98 139 
4509    72 79 83 107 109 125 149 
4509 5023 5037 5081    83 109 
4509 4892    72 83 107 149 
4504    51 99 100 139 140 
4502    40 120 
4501    41 140 
4497    51 121 132 153 
4494    15 122 
4491    37 73 148 
4490    84 159 
4488 4819    15 16 
4488 4810 4818 4819 4870 4872 4912 4968 4977 4980 4981 4982 4985 5000 5006 5013 5017 5032 5044 5107 5109 5112 5114 5122 5129 5139 5147 5148 5166 5168 5191 5194    16 
4487    132 138 153 
4487 4497    132 153 
4486    85 86 149 
4486 4702 4855 5030    85 86 
4481    46 52 62 101 102 130 
4481 4561    62 130 
4479    93 112 160 
4476    150 151 
4474    38 134 
4473    45 134 
4466 4848 4892 5138    107 126 
4463    52 63 92 
4459    73 126 
4453    66 102 144 
4453 4806    102 144 
4426    66 125 137 
4423    74 136 
4421    60 70 152 
4416    132 140 147 
4415    60 62 95 
4412    56 91 92 160 
4411    52 63 81 153 
4408    63 86 
4407    52 125 137 
4407 4426    125 137 
4406    53 93 
4397 4510 4873    84 90 98 
4392    112 146 
4390    41 72 125 160 162 
4369    77 123 129 
4368    53 80 156 
4367    71 75 
4361    37 38 56 71 72 152 
4361 4775    37 56 
4361 4739    37 71 72 152 
4358    84 85 102 125 
4357    135 138 152 
4352    100 141 
4348    84 146 
4342    4 99 134 
4338    52 75 81 125 
4335    46 47 53 
4333    69 146 
4328    51 55 112 131 147 155 
4328 4767    112 131 
4322    50 71 
4315    51 60 99 110 137 
4306    80 107 
4291    37 137 162 
4288    65 82 
4284    79 81 99 
4280    71 80 
4279    46 81 101 102 
4278    66 138 
4276    54 72 87 102 
4275    51 60 132 135 
4246    48 148 
4242    47 78 
4239    79 129 
4233    74 107 139 
4232    107 109 116 
4231    39 112 134 
4231 4240    39 112 
4207    46 52 81 123 
4206    90 91 
4204    62 81 100 152 
4204 4739    62 152 
4203    46 51 136 
4192 4426    66 125 
4184    100 143 
4181    8 11 19 
4181 5129    11 19 
4181 4758 4824 4833 5164 5179 5203    8 
4180    46 51 81 135 138 
4180 4275    51 135 
4179    40 122 
4177    98 142 
4172    74 137 
4171    43 100 
4161    58 159 
4160    39 155 
4159    93 103 
4151    119 121 
4131    87 110 157 
4122 4453    66 144 
4121    59 93 157 
4120    97 155 162 
4118    54 120 135 
4113    83 104 146 149 
4112    63 67 110 130 157 
4111    101 102 149 
4107    56 73 89 145 146 
4107 4883    73 145 
4105    37 87 137 
4104    122 141 151 
4100    86 89 128 
4092    56 62 101 102 138 
4092 4481    62 101 102 
4090    52 99 112 130 138 
4088    81 122 127 
4085    81 127 162 
4082    62 67 100 
4082 4204    62 100 
4080    75 94 
4078    114 144 146 
4073    87 97 98 
4071    52 122 151 
4070    46 101 123 
4066    50 123 162 
4065    82 90 93 156 
4060    59 61 146 
4059    91 120 
4057    52 91 122 
4056    97 146 149 
4056 4113    146 149 
4055    48 122 150 
4052    69 78 87 
4049    71 83 126 149 
4049 4892    83 126 149 
4049 4892 5113    83 126 
4048    101 123 159 
4046 4509    109 125 
4044    48 101 122 153 
4043    81 112 
4042    37 99 157 
4041    37 72 116 131 
4038    69 72 73 83 84 89 97 98 
4038 5113    72 83 84 
4038 4805    72 73 84 
4038 4397 4510 4873 5145    84 98 
4038 4107    73 89 
4035    84 110 
4034    60 72 98 119 
4031    51 59 105 136 
4031 4203    51 136 
4023    38 52 70 99 153 
4008    79 127 130 150 
4008 4561    130 150 
4004    41 46 101 102 138 151 
4000    74 134 
3996    37 60 70 99 
3996 4421    60 70 
3996 4023    70 99 
3994 4033    122 135 162 
3993    81 122 125 
3988    100 135 
3981    121 129 130 140 153 
3980    100 109 157 
3978    75 125 139 150 
3978 4338    75 125 
3976    77 98 
3974    98 154 
3965    143 154 
3953    41 51 85 93 138 
3951    51 54 72 83 107 125 159 
3951 4509    72 83 107 125 
3951 4509 4892 4935 5102 5126    72 83 107 
3946    37 70 95 
3939    93 138 151 
3939 4004    138 151 
3936    82 98 
3933    85 128 
3930    47 71 
3929    37 137 157 
3915    48 70 81 92 100 131 137 
3911    93 101 102 122 132 133 
3909    54 85 87 
3902    54 62 70 72 159 
3902 4508    62 159 
3902 3951    54 72 159 
3901    37 136 152 159 
3901 4361 4739    37 152 
3896    48 92 121 140 
3895 4374    39 117 
3892    100 117 123 
3875    72 85 87 
3872    125 151 160 162 
3872 4390    125 160 162 
3871    122 125 151 
3871 4071 4104    122 151 
3868    93 100 138 
3866    38 112 138 
3863    57 101 138 
3862    57 77 120 122 
3861    57 75 81 135 
3861 4180    81 135 
3852    46 80 
3836    72 90 154 
3833 4816    57 84 
3831    54 72 80 
3831 3905    54 80 
3820    51 125 132 
3819    51 60 141 
3818    51 99 138 
3817    68 101 123 150 
3816    46 57 81 160 
3816 3861    57 81 
3808    40 59 93 
3805    39 45 59 105 
3797    39 40 105 136 
3797 3811 3821    39 40 105 
3785    53 82 139 
3769    46 99 101 
3768    46 99 135 157 
3767    46 101 102 112 147 
3767 4328    112 147 
3766    41 46 122 123 150 153 
3766 4708    122 123 
3766 3817    123 150 
3760    95 149 157 
3756    59 125 
3744    46 123 134 
3743 4038 4805    72 73 
3733    62 93 136 
3728    37 144 
3727    38 57 152 
3727 4361    38 152 
3725    63 123 153 160 
3722    94 151 
3721    46 51 121 130 
3721 4497    51 121 
3721 3981    121 130 
3720    112 141 160 
3720 4595    112 141 
3719    48 121 137 153 
3716    37 38 123 127 
3716 4775    37 127 
3715    37 38 99 
3715 4023    38 99 
3715 3716 4361    37 38 
3714    79 100 112 123 127 
3714 4008    79 127 
3712    72 94 127 138 
3711    50 92 140 157 
3706    46 99 123 127 
3706 3768 3769    46 99 
3706 3714 3716    123 127 
3705    93 99 123 132 138 
3705 4458    123 138 
3703    51 99 159 
3701    54 120 137 159 
3701 4118    54 120 
3701 3902 3951    54 159 
3687    75 95 
3682    37 72 95 119 159 
3666 3866    38 112 
3664 3981    121 129 
3660 3911    93 102 122 
3651    114 127 151 
3650 3929 4105 4291    37 137 
3629    49 68 151 
3618    37 70 89 162 
3618 4291    37 162 
3617    101 137 138 160 162 
3617 4534    101 138 160 162 
3617 4199 4534    138 160 162 
3617 4199 4531 4534    138 160 
3617 4198    101 137 138 
3617 4037    101 137 160 
3617 4037 4198    101 137 
3615    38 41 54 72 95 
3615 4390    41 72 
3615 4361    38 72 
3612    42 73 
3611    142 156 
3604    37 75 
3597    38 52 84 114 132 137 
3597 4886    52 84 
3597 4407    52 137 
3597 4178    38 137 
3596    51 52 75 81 99 132 
3596 4338    52 75 81 
3596 4023 4090    52 99 
3596 3861 4338    75 81 
3594    40 144 
3580    47 90 93 
3574    89 90 
3573    74 90 93 
3568    45 90 124 
3568 3582    90 124 
3567    45 72 90 93 
3567 4805    45 72 
3553    68 122 132 138 162 
3553 3705 3717 4487    132 138 
3553 3617 4199 4534    138 162 
3545    43 70 162 
3539    45 90 98 
3539 3559 3567 3568 3583 4587    45 90 
3534    78 112 161 
3527 3553    68 122 
3523    52 101 135 138 
3522    38 69 120 138 
3522 3866    38 138 
3518    76 123 
3517    40 54 
3513    52 100 101 123 
3513 3817 4048 4070    101 123 
3513 3714 3892    100 123 
3512    37 70 101 
3511    121 140 157 162 
3498    41 99 101 150 
3498 4340    99 150 
3495    67 122 135 153 
3494 3785 3932    53 139 
3493    39 66 87 
3493 4796    66 87 
3493 4317    39 87 
3492    38 69 93 100 
3492 3868    93 100 
3492 3522    38 69 
3468    80 125 
3457    65 120 
3444    55 149 
3420 4611    45 154 
3414    43 159 
3410    51 72 157 159 
3410 3951    51 72 159 
3410 3703 3951    51 159 
3409 3682    37 72 159 
3409 3682 3901    37 159 
3408    71 72 95 157 159 
3408 3760    95 157 
3408 3682    72 95 159 
3408 3615 3682    72 95 
3408 3410    72 157 159 
3405    78 90 
3383    18 92 
3383 4782 4789    18 
3382    10 23 24 29 34 35 36 
3382 5189    10 24 34 35 
3382 5114    23 29 36 
3382 5109    10 23 34 35 36 
3382 5109 5189    10 34 35 
3382 5109 5149    23 34 35 
3382 5109 5114    23 36 
3382 5108    10 24 35 36 
3382 5108 5189    10 24 35 
3382 5108 5109    10 35 36 
3382 5034 5109    10 23 35 
3382 5034 5109 5123 5149 5165 5186    23 35 
3382 5034 5109 5116 5128 5152 5158    10 23 
3382 5034 5108 5109 5154 5168 5189    10 35 
3382 5013 5108    10 24 36 
3382 5013 5108 5189    10 24 
3382 5013 5108 5109    10 36 
3382 4982 5056    10 29 
3382 4801 4985 5109 5115 5149    23 34 
3382 4735    24 34 35 36 
3382 4735 5189    24 34 35 
3382 4735 5109    34 35 36 
3382 4735 5109 5149 5189    34 35 
3382 4735 5108    24 35 36 
3382 4735 5108 5163 5189    24 35 
3382 4735 5013 5108    24 36 
3382 4735 4872 4890 4955 4981 5013 5108 5160 5163 5189 5190 5202    24 
3382 4735 4786 4801 4985 5109 5115 5149 5181 5189    34 
3368 5153 5159    98 112 
3339 4775    56 87 
3336    47 68 132 162 
3336 3553    68 132 162 
3332    52 55 101 102 130 
3332 4481    52 101 102 130 
3329 3340    124 127 162 
3324    59 65 
3322 4528    38 51 
3302    43 99 
3282    55 129 
3260 3513    52 100 
3257 3810    39 77 
3245    40 129 
3244    41 99 123 125 130 153 
3244 4390    41 125 
3244 4090 5042    99 130 
3244 3886    99 125 
3244 3766    41 123 153 
3244 3705 3706    99 123 
3241 3767    46 112 
3235    51 75 124 
3235 3596    51 75 
3228 3264    50 53 
3208    39 53 152 
3192    42 144 
3185    89 100 
3174 4672    117 127 
3156    39 140 
3149    55 145 
3143 5159    45 98 148 
3126    50 55 
3120    42 72 
3112    46 52 101 102 138 
3112 4004 4366    46 101 102 138 
3112 4004 4092 4366    101 102 138 
3112 3523    52 101 138 
3112 3523 4090 4531    52 138 
3112 3523 3617 3863 4004 4092 4198 4366 4534    101 138 
3111    38 52 101 102 122 
3111 4057 4071    52 122 
3110    45 142 
3106    69 112 
3100    79 155 
3096    47 58 
3093    47 159 
3076 4034 4038    72 98 
3054    49 61 110 120 137 157 160 
3054 3929    137 157 
3054 3701    120 137 
3053    48 63 92 140 160 
3053 4463    63 92 
3053 3725    63 160 
3044    82 153 
3043 4762    101 125 
3039    68 141 162 
3033    46 51 53 60 62 
3033 4415    60 62 
3033 4335 4770    46 53 
3032 3112 4481    46 52 101 102 
3032 3111 3112 3332 4095 4481    52 101 102 
3030 3032 3112 3767 4004 4279 4366 4481    46 101 102 
3030 3032 3112 3767 3769 4004 4070 4279 4366 4481    46 101 
3029    4 21 29 35 36 
3029 5186    21 35 
3029 4982 5122    4 29 
3029 4183    4 21 
3029 4183 4904 4965 5117 5186    21 
3029 3382    29 35 36 
3029 3382 5114    29 36 
3027    51 56 60 99 
3027 4315    51 60 99 
3026 3617 4534    101 160 162 
3025    51 81 99 100 
3025 4504    51 99 100 
3025 4504 4757    99 100 
3025 3915 4204    81 100 
3025 3596    51 81 99 
3025 3596 4284    81 99 
3023 3981    121 140 153 
3023 3719 3981 4497    121 153 
3019    46 51 60 123 137 153 
3019 4497    51 153 
3019 4315    51 60 137 
3019 3766    46 123 153 
3019 3033    46 51 60 
3019 3027 3033 3737 3819 4275 4315 4528    51 60 
3013    93 135 152 
3013 4357    135 152 
3011    41 52 152 
3003 3836    72 154 
2984    59 141 
2976 4805    73 78 
2975    71 73 
2970 4609 4611    128 154 
2952    79 141 162 
2950    124 158 
2945    112 144 
2940    95 120 
2923    41 124 
2921 3642 3705 4075    93 123 
2920    91 158 
2918    50 146 
2915    79 84 
2914    63 80 
2912    59 93 126 
2912 4074 4892    59 126 
2910    135 159 
2907    84 161 
2906    79 126 149 
2895    89 121 122 140 
2895 4681    89 122 
2895 3023 3511 3896 3981    121 140 
2887    50 68 
2872    55 146 
2871    75 149 
2865    36 47 68 
2865 3336 4920    47 68 
2858    127 150 152 
2858 4008    127 150 
2855 4510 4873    98 139 
2852    94 104 
2849    45 71 
2848 3705 3818 4090    99 138 
2844    44 
2838    42 90 
2837    93 94 105 
2819    55 107 147 
2816    58 106 143 
2807 4181 4707 4808 4817 4895 4900 4901 4912 4961 4973 5007 5039 5110 5129 5132 5135 5137 5147 5150 5173 5177 5184 5192 5194 5199 5200 5204    19 
2806    83 87 97 146 
2806 4113    83 146 
2803    76 102 
2800    82 97 105 149 
2789    91 93 143 
2788 4411 4463    52 63 
2782    40 132 162 
2763    75 162 
2758    85 94 
2753    108 116 124 
2752    58 69 90 97 
2752 4038    69 97 
2741    109 145 
2731    61 93 102 
2727    75 107 
2713    37 51 157 
2695 4107    73 146 
2672    98 118 
2667    53 66 
2665    92 101 102 159 160 
2665 4048    101 159 
2660    65 147 
2657    41 52 80 93 150 
2657 3953    41 93 
2657 3498 3766    41 150 
2656    12 22 
2656 5044 5057 5115 5153 5163 5176 5182 5198 5203    12 
2646    47 59 82 
2638    49 53 100 
2632    72 87 128 
2631 3923    98 124 
2621    41 130 160 
2621 3244 4191    41 130 
2618    75 129 134 
2614    92 122 160 162 
2614 4032    122 160 162 
2604    140 141 153 
2600    47 131 
2592    75 127 
2591    15 156 
2589    54 59 142 
2588    92 112 138 
2588 3866 4090    112 138 
2587    105 141 
2586    46 60 81 125 138 
2586 4180    46 81 138 
2586 4180 4534    81 138 
2586 3993 4338    81 125 
2586 3816 3857 4180 4207 4279    46 81 
2586 3019 3033    46 60 
2576    72 87 149 
2572    92 101 130 
2572 2665 4820    92 101 
2570    122 125 134 141 153 160 
2570 4104    122 141 
2570 3871 3993    122 125 
2570 3720    141 160 
2570 3244    125 153 
2570 2604    141 153 
2560    78 98 
2559    54 71 72 83 86 97 149 
2559 4935    72 83 86 
2559 4542 5005    71 86 
2559 4058    54 71 83 
2559 4049    71 83 149 
2559 2734    54 97 149 
2557    107 141 
2543    75 137 
2530 3980    100 157 
2523    80 135 
2509    125 129 
2507    66 124 
2502    100 127 160 
2502 3714    100 127 
2499    42 62 
2496 2559 5127    71 72 149 
2493    50 97 149 
2493 2559 2734 2800 3854 4056    97 149 
2492 4888    111 162 
2492 4790 4874 4880 4888 4903 5002 5014 5102    111 
2484    92 110 130 
2484 4112    110 130 
2446 3978    75 139 
2441    97 126 
2435    38 42 
2429    107 154 
2421    80 112 134 
2420    48 112 123 130 153 
2420 3723    112 123 130 153 
2420 3714 3723 3916    112 123 
2420 3239 3244 3723    123 130 153 
2420 3019 3239 3244 3723 3725 3766    123 153 
2419    37 62 87 
2419 4105 4775    37 87 
2418 4276    54 72 87 
2415    107 119 
2410    123 129 134 
2410 3744    123 134 
2404    67 92 140 153 160 
2404 3718    92 140 153 
2404 3495    67 153 
2404 3053    92 140 160 
2392    59 72 97 121 
2391 3785    82 139 
2390    39 121 
2386 4120    155 162 
2379    52 125 151 
2379 4071    52 151 
2379 3871 3872    125 151 
2369    4 6 10 13 20 27 30 
2369 5174    4 6 20 27 30 
2369 5154    6 10 13 30 
2369 5149    13 27 30 
2369 5149 5154    13 30 
2369 5132 5154    10 13 
2369 5034    6 10 20 30 
2369 5034 5174    6 20 30 
2369 5034 5043 5115 5130 5139 5164 5174    6 20 
2369 4987    13 20 
2369 4977 5116 5128    4 6 10 27 30 
2369 4977 5116 5128 5158    4 10 27 30 
2369 4977 5116 5128 5152    6 10 27 30 
2369 4977 5116 5128 5152 5158    10 27 30 
2369 4977 4982 5116 5128 5158    4 10 
2369 4977 4979 5116 5128 5174    4 6 27 30 
2369 4977 4979 5116 5128 5158 5174    4 27 30 
2369 4977 4979 5007 5010 5116 5128 5135 5174    4 6 30 
2369 4977 4979 4980 5116 5128 5152 5165 5174    6 27 30 
2369 4977 4979 4980 4986 5116 5128 5149 5152 5158 5165 5174 5186    27 30 
2369 4863 4977 5034 5116 5128 5152 5154    6 10 30 
2369 4863 4977 5034 5116 5128 5152 5154 5158 5168    10 30 
2369 4863 4977 4979 4980 5007 5010 5034 5116 5123 5128 5135 5148 5150 5152 5154 5165 5171 5174    6 30 
2369 4861 5174    4 20 30 
2369 4861 5034 5174    20 30 
2369 4861 4977 4979 5007 5010 5116 5128 5135 5158 5174    4 30 
2369 4786    4 6 13 27 
2369 4786 5149    13 27 
2369 4786 4977 4979 5116 5122 5128 5174    4 6 27 
2369 4786 4977 4979 4980 5116 5122 5128 5152 5165 5174    6 27 
2369 4786 4955    4 6 13 
2369 4786 4955 5154 5175    6 13 
2369 4786 4955 4987 5132 5149 5154 5175 5185    13 
2369 4786 4890 4912 4955 4977 4979 4981 5007 5010 5116 5122 5128 5135 5174 5178    4 6 
2369 4786 4802 4808 4817 4863 4890 4899 4911 4912 4955 4964 4977 4979 4980 4981 5007 5010 5034 5043 5110 5115 5116 5122 5123 5128 5130 5135 5139 5142 5148 5150 5152 5154 5164 5165 5169 5171 5174 5175 5178 5191 5200 5203    6 
2369 3382 4863 4977 4982 5013 5034 5056 5108 5109 5116 5128 5129 5132 5152 5154 5158 5168 5189    10 
2360    125 146 
2358    49 91 
2351    94 124 
2344    54 84 119 
2341    68 153 162 
2336    84 105 
2308    81 122 140 160 
2308 3993 4088    81 122 
2300    58 146 
2284    71 137 
2282    74 89 92 
2278 4040    77 93 
2270 2789    91 93 
2265    41 52 101 153 
2265 4023 4411    52 153 
2265 2657 3011    41 52 
2260    101 102 122 130 140 
2260 3332 4481    101 102 130 
2260 3111 3911 4681    101 102 122 
2260 3111 3911 4020 4044 4681    101 122 
2260 3111 3660 3911 4681    102 122 
2260 2572 3332 4481    101 130 
2260 2308 2895    122 140 
2242    46 57 90 
2242 3816 4958    46 57 
2224 2851 3684 3785    53 82 
2222    74 77 
2220 4479    93 112 
2217    70 89 137 140 
2217 3618    70 89 
2217 2895    89 140 
2209 4373    117 141 
2208    83 87 97 107 
2208 5050 5131    87 107 
2207    58 59 97 
2207 2541 2752    58 97 
2194    50 129 134 
2194 4837    50 129 
2192    43 104 107 
2189    51 72 125 149 
2189 4509    72 125 149 
2189 3951    51 72 125 
2189 3410 3951    51 72 
2188    84 162 
2187    146 154 157 
2184    53 54 116 
2182    99 112 137 153 
2177    63 67 100 112 
2177 4082    67 100 
2177 3714    100 112 
2173    53 81 
2162    121 134 154 
2155 2332    82 124 
2151    75 97 
2148    63 114 134 
2143    58 142 
2137    38 52 59 60 109 
2137 4528    38 60 
2132    57 124 135 
2126    87 97 139 
2118    99 141 157 
2085 4369 4948    77 123 
2084    90 136 
2082    50 70 94 157 
2065    51 57 
2062    75 84 
2057 4107    56 73 
2053 3858 4066 4697    123 162 
2050    59 73 148 
2050 4491    73 148 
2050 3422    59 73 
2049    48 92 140 157 
2049 3711    92 140 157 
2049 3053 3896    48 92 140 
2049 2404 3053 3711 3718 3896    92 140 
2045    59 135 
2043    42 46 129 134 
2041    45 47 73 98 
2041 5066    45 73 98 
2041 3538    47 98 
2041 2949 4038 5066    73 98 
2035    70 123 160 
2026    72 83 87 
2018 3797    39 40 136 
2005 2559    54 71 97 
2005 2559 4058 4686    54 71 
2005 2559 2734    54 97 
1999 2819    107 147 
1992    59 72 80 93 
1992 3831    72 80 
1992 2657    80 93 
1992 2144 3567    72 93 
1989    83 95 107 
1988 3705 3868 3939 3953    93 138 
1983    41 77 101 102 160 
1983 4004    41 101 102 
1983 2665    101 102 160 
1983 2665 3026 3617 4037 4039 4534    101 160 
1983 2621 4390    41 160 
1980    113 161 
1949    54 98 116 
1940    78 119 149 
1940 3097    78 119 
1938    58 61 80 
1934    84 131 135 
1927    85 126 
1915 3285 4920    47 161 
1914 2591 4356 4488 4494 4691 4809 4811 4819 4843 4844 4845 4866 4892 5187 5202    15 
1913    121 139 
1895    131 155 157 
1895 2221 4283 4328    131 155 
1888    83 87 128 
1888 2632    87 128 
1886    83 87 97 104 
1886 4113    83 104 
1886 2261    97 104 
1886 2208 2806    83 87 97 
1886 2126 2208 2806 4073    87 97 
1876    39 59 93 105 136 
1876 4031    59 105 136 
1876 3797 3806    39 105 136 
1876 3797 3806 3807 4031    105 136 
1876 3733    93 136 
1876 3274 3805 3812    39 59 105 
1876 3274 3805 3812 3815 4031 5051    59 105 
1876 3135 4031    59 136 
1876 2837    93 105 
1876 2018 3797 3806    39 136 
1874 2793    54 75 
1873    41 46 62 138 
1873 3860 4004    41 46 138 
1873 3860 3953 4004 4096    41 138 
1873 3766 3860 4004    41 46 
1871    120 127 
1862 4188    102 129 
1859 3015 3281 3336 4167    47 162 
1850 2413    76 80 
1845    51 66 95 151 
1833    124 161 162 
1833 3329 3340 3344 3357    124 162 
1827    46 59 114 
1827 2125    46 114 
1820 2757    139 147 
1817    48 63 137 153 
1817 3725 4411    63 153 
1817 3719    48 137 153 
1817 2420 3328 3719 4044    48 153 
1814    67 99 120 
1813    104 162 
1811    37 55 97 107 109 
1811 2819    55 107 
1807    47 99 
1805    97 122 162 
1805 4120    97 162 
1801    46 55 61 
1801 4538    46 61 
1799    2 9 11 25 26 30 33 
1799 4965    9 11 25 26 
1799 4965 5108    25 26 
1799 4965 5108 5175    26 
1799 4890 4968 4987 5109    33 
1799 4861 4979 5158    2 30 
1799 4801    9 11 25 30 
1799 4801 4965    9 11 25 
1799 4801 4965 5044    11 25 
1799 4801 4863    9 11 30 
1799 4735 4801 4965 5179    9 25 
1799 2369 4801 4861 4863 4872 4977 4979 4980 4986 5007 5010 5034 5116 5123 5128 5135 5148 5149 5150 5152 5154 5158 5165 5168 5171 5174 5186    30 
1797    74 145 
1796    49 93 
1793    131 145 
1784    42 51 
1777 4133    120 142 
1772 4131    87 157 
1753    48 96 
1742 2493    50 97 
1740    39 99 
1739 2192    43 104 
1736    51 82 89 125 141 
1736 3819    51 141 
1736 2570    125 141 
1736 2189 3820 3951    51 125 
1724    59 129 
1723    92 94 112 129 130 153 160 
1723 4535    112 129 
1723 3981    129 130 153 
1723 2588    92 112 
1721    42 58 59 
1719    113 143 
1717    50 84 116 133 139 
1717 4510 4873    84 139 
1715    116 128 
1698    63 67 101 157 
1697 2837    93 94 
1692    121 146 
1684    40 53 146 
1665    63 67 150 
1663    146 162 
1653    62 155 
1651 2861    120 136 
1648    75 114 
1641    50 80 104 121 
1638    37 51 99 
1638 2713    37 51 
1636    122 135 153 160 
1636 3495    122 135 153 
1636 2570    122 153 160 
1636 2570 3495 3766 4044    122 153 
1623    57 93 
1622    40 82 107 
1603    135 160 161 162 
1600    45 119 
1594 4052    69 78 
1578    80 159 
1573 2957    48 77 
1564    48 63 137 140 
1564 3053    48 63 140 
1564 2049 3053 3896    48 140 
1564 1817    48 63 137 
1564 1817 3053    48 63 
1560 2041    47 73 
1557    52 124 
1556    59 112 
1547 2041 2964 4805 4988 5066    45 73 
1543    39 42 156 
1542    97 129 
1534    76 89 119 126 
1519    87 159 
1518 2819 4328    55 147 
1516    83 94 97 
1516 4921    83 94 
1516 4685    94 97 
1505 2559 3951 4854    54 72 83 
1491    59 124 
1483 3637    120 131 
1461    66 96 115 149 
1461 4796    66 96 
1438    55 87 131 
1438 4328    55 131 
1438 3284    87 131 
1430    90 98 105 
1430 1476 1916 3458 3466    90 105 
1421    41 48 110 137 
1421 3054 4315    110 137 
1408 1723 2404    92 153 160 
1408 1723 2404 3718    92 153 
1408 1723 2404 2614 2665 3053 4412    92 160 
1406    50 63 127 157 
1406 2082 3711    50 157 
1402 2496 2559 4049 4852 5127    71 149 
1397    85 104 
1394    92 161 
1388 3054    61 120 
1381    109 128 
1374    53 62 144 
1369    50 94 127 
1369 3712    94 127 
1369 2082 4524    50 94 
1369 1406    50 127 
1363 4195    98 136 
1355 1876 3274 3797 3805 3806 3811 3812 3821    39 105 
1349    77 79 
1348 4065    82 93 
1347    80 134 162 
1347 4697    80 162 
1343    63 67 112 130 140 
1343 4112    63 67 130 
1343 2404    67 140 
1343 2177    63 67 112 
1343 2177 4194    67 112 
1343 1564 3053    63 140 
1339    51 70 140 155 157 
1339 4504    51 140 
1339 4328    51 155 
1339 2217 3653    70 140 
1339 2082    70 157 
1339 1895    155 157 
1334 2559    71 72 83 97 
1334 2559 5012    71 72 83 
1334 1444 2559 4038 4153    72 83 97 
1334 1444 2392 2559 4038 4153    72 97 
1331    37 55 94 99 
1331 1811    37 55 
1331 1638 3715 3996 4042    37 99 
1327 5119    58 59 61 
1327 3038 4060 5119    59 61 
1327 1938 5119    58 61 
1327 1721 2207 2724 5119    58 59 
1319    50 66 134 
1319 3631    50 66 
1319 2194 3851    50 134 
1316    40 78 79 87 116 
1316 4908    40 116 
1316 4903    79 87 
1316 4052    78 87 
1316 2954    40 78 
1316 1861    40 79 
1311 3797 3811 3821    40 105 
1310    99 140 157 
1310 4504    99 140 
1310 2118 3768 4042    99 157 
1310 1339 2049 3511 3711    140 157 
1294    80 129 134 
1294 1347 2421    80 134 
1293    48 78 
1280    50 57 75 
1280 4703 4837 4983 5033 5104    50 57 
1280 2292    50 75 
1274    66 97 139 
1274 2126    97 139 
1269 3511    121 157 
1267 3573 3585    74 90 
1266    1 17 20 22 31 32 
1266 5188    22 32 
1266 5136 5188    32 
1266 5115 5130 5174    1 20 
1266 4964    22 31 
1266 4817 4899 4919 5115 5130 5147 5169 5174 5189 5202 5203    1 
1266 2369 4861 4987 5034 5043 5115 5130 5139 5164 5170 5174    20 
1265    52 72 75 87 
1265 3596 4338    52 75 
1265 2026 2297 2418 2576 2632 3875 4276 4797    72 87 
1261    43 55 160 
1260    50 79 147 
1252 1340 1751 2148 4441    114 134 
1250    52 81 104 
1250 3596 4207 4338 4411 4682    52 81 
1250 2775    81 104 
1244    77 122 129 
1244 3862    77 122 
1244 1732    122 129 
1239    40 58 
1235    2 9 11 31 35 36 
1235 5108    31 35 36 
1235 4964    2 31 
1235 4735    9 35 36 
1235 3029 3382 4735 4980 5108 5109 5171 5182    35 36 
1235 3029 3382 4735 4980 5034 5108 5109 5123 5149 5154 5163 5165 5168 5171 5182 5186 5188 5189    35 
1235 2865 3029 3382 4735 4793 4980 5013 5108 5109 5114 5124 5171 5182    36 
1235 1799    2 9 11 
1235 1799 4861 4964 4979 4982 5017 5158    2 
1235 1799 4801 4863 4965 5129    9 11 
1235 1799 4735 4801 4863 4965 4985 4998 5043 5120 5129 5142 5179    9 
1235 1799 4181 4801 4863 4965 5044 5129 5139 5141 5172    11 
1235 1266 4964 5108    31 
1229 1301 1876 1932 1992 2091 2585 2847 2912 3808 4121    59 93 
1218    52 101 104 
1218 2265 3032 3111 3112 3332 3513 3523 4095 4481    52 101 
1218 1250    52 104 
1203 3498 3817    101 150 
1197    77 143 
1190 1616 2570    125 134 
1189 1705 3025 3596 4180    51 81 
1187 1811    55 97 
1186 2369 4786 4977 4979 5116 5122 5128 5158 5174    4 27 
1186 2369 3029 4183 4342 4707 4779 4786 4861 4890 4912 4955 4968 4977 4979 4981 4982 4984 5006 5007 5010 5116 5122 5128 5135 5143 5158 5174 5178 5190 5193    4 
1176    67 69 
1175    93 129 139 
1172    5 7 14 22 23 25 27 
1172 5017    7 14 22 23 27 
1172 5017 5165    7 14 23 27 
1172 5017 5123 5165    7 23 
1172 5017 5110 5123 5135 5150 5165 5180    7 
1167 2952 2971 3039 3045    141 162 
1165    98 113 133 148 
1159    51 99 112 132 137 161 162 
1159 4328 4332    51 112 
1159 4315    51 99 137 
1159 3597    132 137 
1159 3596    51 99 132 
1159 3596 3820 4275 4497    51 132 
1159 3596 3705    99 132 
1159 3534    112 161 
1159 3019 4315    51 137 
1159 2182    99 112 137 
1159 2182 4315    99 137 
1159 2182 4086 4090    99 112 
1159 1638 3025 3027 3543 3596 3703 3818 4315 4504    51 99 
1150    83 97 121 
1150 1334 1444 1516 1643 1886 2208 2559 2806 4038 4153    83 97 
1147 4682    52 66 
1143 2056 3875 3909 4475 4902    85 87 
1140    72 122 162 
1140 4390    72 162 
1139 1317    120 143 
1120    108 148 
1115 1867 4814    57 162 
1114    50 80 87 
1114 4781    50 87 
1114 1847 3648 4800 4894    80 87 
1098    57 67 127 136 157 
1098 1406    127 157 
1095    49 142 144 
1095 1429 2605    49 144 
1091 1406    50 63 
1072    74 82 159 
1064 4878    39 120 
1062 3513 4207    52 123 
1060    39 80 156 
1060 4368    80 156 
1060 1543    39 156 
1059    39 62 84 
1054 2906    79 126 
1050    144 162 
1048    72 112 159 
1046    57 62 120 122 135 138 157 
1046 5193    57 120 135 
1046 4017    57 122 138 
1046 3863 4017    57 138 
1046 3862    57 120 122 
1046 3862 4734    120 122 
1046 3862 4017    57 122 
1046 3768    135 157 
1046 3553 4017    122 138 
1046 3523 4180 4357    135 138 
1046 3522    120 138 
1046 3165 4891    62 120 
1046 3054    120 157 
1046 2922 3862 3864 5193    57 120 
1046 2698    62 122 
1046 2132 3861 5193    57 135 
1046 1873 4092    62 138 
1046 1636 3495 3938 3994 4033    122 135 
1046 1098 2146    57 157 
1038    79 97 
1023 2421 3413 3732 4231 4362 4535    112 134 
1020 2570    122 134 
1016    57 75 146 
1016 3069 3878    57 146 
1016 1280 1308 3861 4277    57 75 
1012    78 83 
998 2753    108 124 
996 1571    103 116 
987    37 90 
986    121 147 
979    45 109 116 
979 4971    45 109 
979 4232 4908    109 116 
975 1392 4443 4878    39 98 
965    110 159 
959    83 84 128 
959 4038 5113    83 84 
959 3008 3184 5145    84 128 
959 1888 1904    83 128 
955    46 121 123 
955 3721 4942    46 121 
955 2122 3019 3051 3706 3744 3766 4070 4207    46 123 
955 1204    121 123 
949 2406    66 129 134 
949 1319 2406    66 134 
945    63 75 90 
941 971 1194 1470 1876 2563 2624 3271    39 93 
937    123 125 160 
937 3244    123 125 
937 2570 3838 3872 4390    125 160 
937 2035 3725    123 160 
930    46 141 
929 1717 1939 4524    50 139 
928 1430 2886 3590 3975 4324 4575 5051    98 105 
925    38 55 81 160 162 
925 4534    81 160 162 
925 4085 4534    81 162 
925 2308 3816 4534    81 160 
925 1603 2614 3026 3617 3872 4032 4053 4199 4390 4534    160 162 
923 3086 3088 4525    93 142 
921    74 122 
917    72 131 159 
917 4041    72 131 
917 1048 3408 3409 3410 3680 3682 3902 3951    72 159 
911 1162 1661 1684 3238 3250    40 53 
905    56 71 72 112 119 136 157 
905 4361    56 71 72 
905 3408 5127    71 72 157 
905 1098    136 157 
905 1048 4754    72 112 
897    87 89 145 
897 4107    89 145 
893    83 87 121 
893 1150 4887    83 121 
890    48 74 
886    39 90 
863 1395 3805    45 105 
861 2348    91 144 
860    40 50 69 77 
859 2794    76 97 
858 2185    47 142 
848    79 98 109 148 
848 4175    109 148 
848 2707    79 98 109 
848 2707 4971 5125 5144    98 109 
848 961 1092 1165 2172 3143 5159    98 148 
842 3884    57 61 76 
829    58 112 
822 4892    96 115 126 149 
822 4848 4892 4922 5113 5138    96 126 
822 2906 4049 4892    126 149 
822 1461 4892    96 115 149 
819    48 75 79 
819 4355    48 79 
818    101 120 135 
818 3523    101 135 
808    3 59 
808 4794 4833 4901 4961 5125    3 
800 871 1207 2028 3973 4190 4470 4641 4784 4869 4881 4885 4898 4910 4994 5049 5051 5071 5134 5144 5167 5205    64 
790    85 97 107 
790 1811 2208    97 107 
788    48 121 162 
788 3511    121 162 
786    50 59 76 
778    71 119 148 
778 2315 3403 3423    119 148 
776 2816    106 143 
774    93 106 122 132 160 
774 4736    93 132 160 
774 4479 4736    93 160 
774 3911    93 122 132 
774 3705 3911 4736    93 132 
774 854 1211 3639 3660 3911    93 122 
771 3567 3836    72 90 
769    71 83 157 
769 1334 1625 2559 4049 4058 5012    71 83 
769 905 3408 5127    71 157 
763    75 147 
752 2911    43 85 
750    107 114 
744    124 141 
743    54 83 86 125 149 
743 4509    83 125 149 
743 3951    54 83 125 
743 3951 4509    83 125 
743 2559    54 83 86 149 
743 2559 4935    83 86 
743 2559 4486    86 149 
743 2559 2734    54 149 
743 2286 2559    54 86 
743 2189 4509    125 149 
739 1283 1645 2418 3909 4276 4796 5205    54 87 
738 1687    88 154 
736 1453 2054 3859 4823    46 120 
721 4127    82 116 
716    84 86 87 
716 4137 4152 5131    86 87 
715    48 56 112 157 
715 2420    48 112 
715 2049    48 157 
715 905    56 112 157 
713    82 142 
712    87 141 158 
712 1312    141 158 
711    78 109 
707 2806 4056    97 146 
701    105 142 
700    142 148 
695    41 62 99 101 153 
695 4092 4481    62 101 
695 3498    41 99 101 
695 3244    41 99 153 
695 3244 3498    41 99 
695 2265    41 101 153 
695 2265 4044    101 153 
695 2265 3244 3766    41 153 
695 2182 3244 4023    99 153 
695 1983 2265 3498 4004    41 101 
695 1873    41 62 
689    53 59 98 
689 1943 2044    53 59 
686    59 108 
680 3840    77 97 
678 1766    71 85 
668    45 84 87 116 
668 4655 4805    45 84 
668 1316 2440    87 116 
668 979 4716    45 116 
668 716 1864    84 87 
660    88 90 116 
658    137 154 
657    124 133 
655 1335 1510 1512 3497 4384 4774    53 91 
649 2041 2760 2989    45 47 
644    54 83 107 108 
644 3951    54 83 107 
644 1989 2208 3951 4271 4509 4892 4935 4963 5102 5126    83 107 
633    60 89 
625 1502 4060    59 146 
624    63 67 110 122 161 162 
624 4112    63 67 110 
624 4087    63 122 
624 3495    67 122 
622 733 890 921 994 1009 1072 1267 1297 1686 1797 2036 2102 2222 2252 2279 2282 2516 2555 2568 3173 3573 3585 3667 3918 4000 4165 4172 4233 4423 4559    74 
612 1326    46 156 
611    46 79 94 134 
611 2905    94 134 
602 4049 4848    71 126 
601 1698 4112    63 67 157 
601 1406 1698 4112    63 157 
596    82 105 156 
596 2365 2800    82 105 
595    46 51 68 92 130 138 
595 4528    51 68 
595 4180    46 51 138 
595 4090    130 138 
595 3818 3953 4180    51 138 
595 3721    46 51 130 
595 3721 4481    46 130 
595 3553    68 138 
595 3019 3033 3721 4180 4203    46 51 
595 2588    92 138 
595 1723 2484 2572    92 130 
595 1688 1873 2586 3112 3860 4004 4180 4366    46 138 
595 1046 1688 1873 1988 2586 2588 2848 3112 3522 3523 3553 3617 3705 3712 3717 3818 3860 3863 3866 3868 3939 3953 4004 4017 4090 4092 4096 4180 4198 4199 4278 4357 4366 4458 4487 4531 4534    138 
594    80 143 
591    72 94 147 
585    137 149 
575 1517 2493    50 149 
572    52 72 86 
572 2559 4935    72 86 
572 630 716 732 743 828 2286 2559 3842 4100 4102 4137 4152 4408 4486 4542 4553 4702 4799 4855 4880 4935 5005 5030 5131    86 
567    39 40 59 149 
567 3164 3808    40 59 
567 1611 3188    39 40 149 
567 697 1314 1876 3274 3794 3795 3805 3812    39 59 
567 646 756 815 1552 1611 2018 2756 3188 3797 3811 3821 3824    39 40 
564 571 2410 4369    123 129 
562 905    71 72 119 
562 905 1693 3682 4034 4138    72 119 
562 905 1334 2496 2559 2765 3399 3408 3443 3447 3908 4361 4739 4851 4917 5012 5127    71 72 
560    54 72 94 
559 4065    82 90 
558    85 114 
555    59 90 144 
555 844 3456 3560 3955    59 90 
553    37 78 79 95 112 148 149 
553 5159    112 148 
553 4491    37 148 
553 3682 3946    37 95 
553 2127    78 79 112 
553 2127 3714    79 112 
553 2127 3534    78 112 
553 1940    78 149 
553 1836 3760    95 149 
553 1131 1836 1845 1989 2891 2940 3408 3615 3682 3687 3760 3946 4236 4415 5125    95 
553 848    79 148 
553 635 1487    148 149 
553 589 1316 2127    78 79 
545    5 14 22 23 25 27 29 
545 5056    22 29 
545 4986 5122    27 29 
545 3382 5114    23 29 
545 3029 3382 4982 4986 5045 5056 5114 5122 5148    29 
545 1172    5 14 22 23 25 27 
545 1172 5188    22 25 
545 1172 5057    5 
545 1172 5017    14 22 23 27 
545 1172 5017 5152 5165    14 23 27 
545 1172 5017 5116 5128 5149 5152 5158 5165 5186    23 27 
545 1172 4964 5017    14 22 23 
545 1172 4964 5017 5152 5165    14 23 
545 1172 4964 5017 5139 5152 5165 5171    14 
545 1172 4801 5044    23 25 
545 1172 3382 4801 4834 4868 4964 4985 5017 5034 5044 5109 5114 5115 5116 5123 5128 5130 5136 5149 5152 5158 5165 5175 5186 5191    23 
545 1172 1799 4735 4801 4924 4965 5013 5044 5108 5179 5188    25 
545 1172 1266 2656 4711 4964 5017 5056 5188    22 
545 1172 1186 2369 4786 4869 4977 4979 4980 4986 5017 5116 5122 5128 5149 5152 5158 5161 5165 5174 5186    27 
536    39 135 
528    50 51 130 
528 595 3721    51 130 
517    66 90 
511    43 161 
506    42 59 107 116 
506 4716    59 116 
506 4232    107 116 
506 1721    42 59 
505 2753    108 116 
503 557 880    116 148 
502 1159 1610 2280 2782 3336 3553    132 162 
498 567 793 1611 3188    39 149 
492 526    78 108 
491 3007    98 141 
488    102 135 160 
488 1983 2213 2665    102 160 
488 1603 1636    135 160 
486 1357    120 135 162 
486 643 1309 1357 1603 1898 3237 3994 4033    135 162 
486 496 1357    120 162 
485 1873 3033 4481    46 62 
480    112 130 137 140 153 160 
480 3981    130 140 153 
480 3054 3617 4037    137 160 
480 2404    140 153 160 
480 2404 2604 3023 3718 3981    140 153 
480 2308 2404 3053 4777    140 160 
480 2182    112 137 153 
480 1817 2182 3019 3719    137 153 
480 1723    112 130 153 160 
480 1723 2621    130 160 
480 1723 2420 3723    112 130 153 
480 1723 2420 3239 3244 3723 3981 4492    130 153 
480 1723 2182 2420 3723    112 153 
480 1564 2217 4084    137 140 
480 1408 1636 1723 2404 2570 3725    153 160 
480 1343    112 130 140 
480 1343 2260 3981    130 140 
480 1003 1343 1723 2420 3723 4090    112 130 
480 541 1035 1310 1339 1343 1564 2049 2217 2260 2308 2404 2604 2895 3009 3023 3053 3156 3169 3511 3653 3711 3718 3896 3981 4084 4099 4117 4416 4501 4504 4777    140 
473 616    79 104 
472    60 99 101 
472 3027 3996 4315    60 99 
472 695 3498 3769    99 101 
472 633 2137 2586 3019 3027 3033 3737 3819 3996 4034 4275 4315 4415 4421 4528    60 
470 1983    77 160 
459    37 59 62 72 76 79 107 109 149 157 
459 5127    72 149 157 
459 4971    59 109 149 
459 4892    59 72 107 149 
459 4797    72 76 
459 4509    72 79 107 109 149 
459 4509 4971    109 149 
459 4509 4892    72 107 149 
459 4509 4852    79 107 149 
459 4509 4852 4892    107 149 
459 4121    59 157 
459 3980    109 157 
459 3951 4509 4892 4935 5102 5126    72 107 
459 3760 5127    149 157 
459 3679    37 62 72 149 
459 3679 4739    37 62 72 
459 3679 3902 4739    62 72 
459 2419 3679 4739    37 62 
459 2137 3178 4971    59 109 
459 1811    37 107 109 
459 1811 4232 4509    107 109 
459 1046    62 157 
459 848 2707 4509 4925    79 109 
459 786    59 76 
459 553    37 79 149 
459 553 2906 4139 4509 4852    79 149 
459 506 4892    59 107 
453 3768 4180    46 135 
451    72 94 157 
451 2082    94 157 
451 560 591 3712    72 94 
450    55 112 132 157 160 
450 3054    157 160 
450 1159 3605    112 132 
450 925 1261    55 160 
450 715 905    112 157 
450 480 1723 3720 4479    112 160 
445    55 112 137 162 
445 1159    112 137 162 
445 1159 3198    112 162 
445 925 1758    55 162 
445 480 1159 2182    112 137 
445 450 4328    55 112 
445 450 925 1152 1187 1261 1331 1438 1485 1518 1758 1801 1811 2109 2819 2872 2943 2990 3126 3149 3151 3157 3160 3282 3332 3360 3444 4328 4566 4710 4723    55 
443    94 162 
443 451 560 591 611 1191 1331 1369 1516 1697 1723 1770 2051 2082 2294 2351 2758 2837 2852 2905 3148 3155 3162 3655 3656 3712 3722 4077 4080 4360 4400 4524 4650 4685 4789 4828 4880 4893 4897 4921    94 
439 2618    75 134 
434    58 116 
423 788 1865 2058 3719 3896    48 121 
419 480 695 1408 1636 1723 1817 2182 2265 2341 2404 2420 2570 2604 2649 3019 3023 3044 3239 3244 3280 3328 3495 3641 3649 3713 3718 3719 3723 3725 3766 3867 3981 3998 4023 4044 4241 4411 4487 4492 4497 4733    153 
415    51 110 157 
415 4315    51 110 
415 3054 4112 4131    110 157 
415 1339 2713 3410    51 157 
413    54 72 84 116 
413 4478    54 72 84 
413 3745    54 72 116 
413 1206 3745 4041    72 116 
413 560 1505 2418 2559 3615 3745 3831 3902 3951 4276 4478 4684 4854 5121    54 72 
401 1551    66 75 
397 2806 4894    87 146 
396 950    123 133 
392 4656    47 143 
391    52 72 89 125 130 157 
391 4112    130 157 
391 3332 4090 4481    52 130 
391 3244    125 130 
391 2379 4338 4407    52 125 
391 2202 4038    72 89 
391 1736    89 125 
391 633 897 1534 1736 2202 2217 2282 2895 3185 3574 3618 3738 4038 4100 4107 4681    89 
391 572 1265    52 72 
391 480 528 595 1003 1343 1431 1593 1723 2211 2260 2420 2484 2572 2621 3239 3244 3332 3721 3723 3981 4008 4090 4112 4191 4285 4481 4492 4561 5042    130 
379    40 90 98 
379 1430 1525 3539 4397 4510 4585 4873    90 98 
378 774 776 1024 1217 1367 1574 2611 2816 2818 4068 4364 4688 5018 5059    106 
373    72 84 114 
373 3597    84 114 
373 413 1075 1767 4038 4478 4805 5113    72 84 
368 4328    147 155 
367    76 79 134 162 
367 5052    76 162 
367 2952 3207 4888 4975    79 162 
367 872 1347 1359 2628 4007    134 162 
367 611 1504    79 134 
367 459    76 79 
367 459 656 786 841 842 859 1534 1837 1850 2075 2147 2176 2413 2520 2794 2803 3518 3884 4022 4797 4876 5052 5101 5103    76 
366 1833 2681 5059    124 161 
358    38 46 52 91 
358 4057    52 91 
358 3032 3112 3488 4207 4481    46 52 
358 2137 3111 3597 4023    38 52 
353 907 1374 1469 2275    53 144 
350    59 72 88 
340    54 124 
321    37 104 151 
315 893 4849    87 121 
312 426 842 1327 1329 1330 1388 1801 1938 2160 2453 2731 2866 3038 3054 3758 3884 4060 4354 4533 4538 4712 4804 4866 4932 5119    61 
303    124 142 143 
300    65 117 143 
300 442 4365 4598    65 117 
296    37 67 72 124 125 157 
296 601 1098 1698 4112    67 157 
296 459    37 72 157 
296 459 2713 3929 4042    37 157 
296 391    72 125 157 
296 391 2189 3552 3951 4390 4509    72 125 
296 391 451 459 905 3408 3410 5127    72 157 
290 555    59 144 
285 1827 1880 5031    46 59 
282    151 161 162 
282 3872    151 162 
282 321 468 724 1445 1484 1803 1845 2104 2379 3002 3014 3124 3629 3651 3668 3722 3871 3872 3939 4004 4071 4104 4182 4476 4485 4512 4627 4648 4711    151 
279    103 158 
274    56 84 
271 1123 1276 4865    46 144 
270 2895    121 122 
264 1114 1641    50 80 
263    97 147 
263 368 441 591 763 986 1260 1386 1518 1820 1999 2259 2660 2757 2819 3389 3767 4328 4416    147 
253 3027    56 99 
253 274 715 905 1403 2057 3027 3339 4092 4107 4270 4361 4412 4432 4775    56 
246    40 139 
245 1717    50 133 
244    63 67 127 135 
244 3495    67 135 
244 1406 2536    63 127 
244 1098    67 127 
244 601 624 1343 1665 1698 2177 2256 4097 4112    63 67 
244 296 601 624 1034 1073 1098 1176 1343 1665 1698 1814 2177 2256 2404 3412 3495 4082 4097 4112 4194    67 
242 538 2042 2528 3329 3340 4085    127 162 
238    37 45 59 70 97 98 121 131 
238 4971    45 59 98 
238 4041 4755    37 131 
238 4029    98 131 
238 3915    70 131 
238 3512 3618 3946 3996    37 70 
238 2392    59 97 121 
238 2392 4887    59 121 
238 1811    37 97 
238 1535 1708 2041 3143 3539 3636 4971 5066 5159    45 98 
238 1228 1390 1749 1868 1991 2207 2392 2820    59 97 
238 1150 1883 2392 2635    97 121 
238 917 1183 1438 1483 1793 1895 1934 2221 2575 2600 3128 3132 3284 3310 3358 3637 3915 4029 4041 4283 4316 4328 4640 4681 4755 4767 4952    131 
238 741 2933 3314 3805 4716 4971    45 59 
235 1641    80 104 
230 416 1629 2858 3011 3013 3056 3123 3208 3727 3901 4109 4204 4357 4361 4421 4739 5040    152 
228 822 1461 4798 4850 4856 4879 4892 4934 4989 5008    96 115 
228 822 1461 1753 4702 4778 4796 4798 4799 4844 4848 4850 4856 4879 4884 4887 4892 4909 4921 4922 4923 4934 4935 4960 4963 4989 5000 5003 5005 5008 5014 5030 5048 5050 5113 5126 5133 5138    96 
226 1374 3033 3256    53 62 
225 1027 2646 3616    47 59 
223    78 104 134 
221    93 120 
215 3901    136 159 
215 905 1004 1098 1116 1363 1579 1651 1876 2018 2071 2084 2090 2269 2861 3135 3733 3777 3797 3806 3807 3809 3901 4031 4195 4203 4423 4482 4726    136 
212 436 449 491 495 712 744 749 795 847 930 1045 1097 1138 1167 1222 1273 1312 1341 1572 1581 1675 1736 1785 1921 1977 2052 2070 2118 2209 2263 2321 2389 2553 2557 2570 2587 2604 2620 2874 2916 2934 2952 2971 2984 2987 3001 3006 3007 3039 3045 3166 3279 3352 3390 3407 3454 3469 3482 3530 3551 3601 3720 3741 3819 3947 3958 4104 4249 4310 4311 4346 4352 4373 4383 4520 4595 4597 4644 4664 4742 4760 4761    141 
211    68 161 162 
211 927 993 1081 2341 2529 2564 2650 2674 3039 3046 3336 3553    68 162 
211 924 2996 3278 4920    68 161 
211 282 624 1159 1208 1603 1833 1910 1944 2011 2164 3865    161 162 
209    72 82 
206 4758 4916    98 159 
206 215 523 917 965 1048 1072 1519 1578 2130 2262 2266 2412 2665 2910 2938 2991 3093 3408 3409 3410 3414 3541 3599 3680 3682 3701 3703 3901 3902 3940 3951 4018 4048 4161 4389 4490 4508 4601 4747 4758 4773 4916 5151    159 
204 289 320 420 717 723 1006 1188 1227 1543 1644 1652 1725 1828 1995 2688 2735 3308 3371 3373 3374 3375 3380 3381 3438 3439 3440 3441 4680    39 42 
203 219 300 442 487 640 1336 2209 2759 3174 3355 3478 3537 3547 3774 3892 3895 3979 4026 4320 4365 4373 4374 4573 4598 4672 4704    117 
198 220 291 303 458 513 531 615 667 700 701 713 805 807 837 858 898 919 923 1005 1095 1126 1141 1157 1216 1249 1337 1346 1404 1407 1418 1457 1561 1562 1563 1583 1657 1702 1722 1755 1777 1841 1930 1998 2030 2061 2063 2074 2081 2136 2143 2178 2185 2439 2460 2475 2510 2514 2534 2550 2589 2636 2659 2686 2784 2790 2808 2878 2942 2985 2995 3085 3086 3087 3088 3110 3139 3234 3246 3307 3470 3477 3479 3483 3611 3690 3691 3692 3693 3696 3699 3962 4012 4013 4014 4015 4016 4024 4025 4133 4177 4273 4290 4302 4376 4391 4399 4434 4452 4465 4483 4525 4564 4594 4741    142 
195    52 107 
195 459 506 644 750 790 1622 1811 1989 1999 2192 2208 2415 2429 2557 2727 2819 2883 3951 4136 4232 4233 4271 4306 4466 4509 4792 4812 4832 4848 4852 4892 4934 4935 4960 4963 4969 5050 5102 5126 5131 5133 5138    107 
193    52 132 160 
193 3596 3597    52 132 
193 3022 4531    52 160 
191    39 47 84 
191 1059    39 84 
191 225 374 392 532 649 835 839 858 973 1027 1344 1468 1560 1592 1626 1807 1859 1915 2009 2041 2185 2195 2600 2646 2760 2795 2865 2925 2936 2989 2999 3015 3093 3096 3127 3222 3281 3283 3285 3301 3336 3433 3516 3538 3580 3616 3624 3638 3674 3730 3787 3930 3960 3964 3966 4167 4242 4314 4335 4570 4656 4753 4918 4920    47 
187 411 459 584 711 848 944 979 1381 1811 2137 2368 2464 2488 2707 2741 2932 2997 3078 3080 3178 3305 3980 4046 4175 4232 4359 4509 4546 4660 4669 4717 4858 4874 4881 4908 4925 4971 4992 4996 4997 5001 5011 5015 5022 5023 5024 5025 5026 5027 5028 5029 5035 5037 5069 5070 5073 5074 5075 5076 5077 5078 5079 5080 5081 5082 5086 5087 5090 5096 5097 5098 5099 5107 5125 5144 5162    109 
179 358    46 91 
166    49 52 62 
166 4481    52 62 
163    38 49 53 80 
163 4368    53 80 
163 2638    49 53 
163 358 925 2137 2435 3111 3322 3492 3522 3597 3615 3666 3715 3716 3727 3866 3888 4023 4119 4178 4361 4474 4528    38 
161    77 124 
150    59 98 113 
150 1165    98 113 
150 238 689 703 801 4971 5051    59 98 
149    113 129 
146    66 122 
145 294 397 476 484 625 641 707 1016 1096 1195 1320 1378 1502 1663 1684 1692 1718 1857 1976 2141 2187 2216 2300 2360 2373 2416 2661 2695 2744 2796 2806 2872 2918 2931 3069 3436 3662 3878 4005 4056 4060 4078 4107 4113 4333 4348 4387 4388 4392 4513 4550 4772 4782 4844 4894    146 
142    41 48 70 92 122 137 162 
142 4390    41 162 
142 3915    48 70 92 137 
142 3766    41 122 
142 3545 3618    70 162 
142 2614    92 122 162 
142 2614 3501    92 162 
142 2217 3915    70 137 
142 2049 3053 3896 3915    48 92 
142 1421    41 48 137 
142 1421 1564 1817 3719 3915    48 137 
142 1173 4044 4055    48 122 
142 788    48 162 
142 695 1421 1873 1983 2165 2265 2621 2657 2923 3011 3244 3286 3498 3542 3615 3766 3860 3953 4004 4096 4098 4191 4286 4390 4501    41 
142 595 1394 1408 1723 2049 2282 2404 2484 2572 2588 2614 2665 2699 2880 3053 3122 3383 3501 3711 3718 3773 3896 3915 4103 4412 4463 4820    92 
142 445 1159 3028 3617 4291    137 162 
142 400 501 624 1140 1805 2083 2614 3195 3553 3643 3994 4032 4033 4699    122 162 
142 205 445 480 585 658 1159 1421 1564 1817 2182 2186 2217 2284 2543 2939 3019 3028 3054 3343 3597 3617 3650 3701 3719 3915 3929 4037 4084 4101 4105 4145 4172 4173 4178 4198 4291 4315 4407 4426 4642 5000    137 
141 142 177 370 423 475 647 715 788 819 890 892 914 1037 1107 1128 1155 1173 1236 1293 1302 1322 1353 1410 1421 1426 1441 1564 1573 1655 1753 1817 1865 2049 2058 2105 2200 2420 2645 2730 2894 2957 2978 2988 3053 3082 3328 3331 3342 3346 3535 3644 3654 3657 3719 3748 3896 3915 4044 4055 4243 4246 4355 4417 4515 4709 4782    48 
132    82 102 156 
132 2831    102 156 
132 596 4065    82 156 
132 596 612 1060 1135 1326 1354 1543 1918 2340 2591 2831 3315 3316 3317 3318 3319 3320 3321 3435 3532 3611 3670 3746 4027 4050 4065 4307 4368 4382 4414 4422 4437 4484 4522 4563    156 
131    81 90 93 101 102 127 
131 4279    81 101 102 
131 4279 4534    81 101 
131 4085 4088    81 127 
131 3911    93 101 102 
131 1823 3911    93 101 
131 925 1189 1250 1705 2173 2308 2586 2775 3025 3489 3596 3816 3857 3861 3915 3993 4043 4085 4088 4091 4180 4204 4207 4279 4284 4338 4411 4534 4682 4694    81 
131 385 830 2111 2731 3660 3911 4319    93 102 
129    46 78 129 134 
129 2951    78 129 
129 974 1031 2043 4914    46 129 134 
129 949 974 1031 1294 2043 2194 2302 2406 2410 2618 4535 4914    129 134 
129 611 974 1031 2043 3744 4914    46 134 
129 268 974 1031 2043 3295 4914    46 129 
129 223    78 134 
129 223 367 439 500 598 611 672 747 872 932 949 974 1020 1023 1031 1070 1086 1184 1190 1199 1252 1291 1294 1319 1340 1347 1359 1380 1383 1504 1558 1616 1751 1822 1834 1866 2043 2148 2162 2194 2302 2376 2406 2410 2421 2424 2546 2570 2618 2628 2740 2905 2935 2944 3005 3052 3102 3158 3413 3647 3732 3744 3851 4000 4007 4028 4229 4231 4342 4362 4430 4438 4441 4442 4473 4474 4535 4646 4694 4731 4914    134 
128 362 394 658 685 738 867 900 1259 1405 1687 2162 2187 2229 2247 2258 2398 2429 2889 2970 3003 3219 3232 3420 3749 3791 3836 3965 3968 3974 4609 4611 4995 5093    154 
127    42 58 79 
127 1721    42 58 
127 139 332 367 421 459 473 553 589 611 616 819 848 849 915 1038 1054 1260 1316 1349 1365 1504 1570 1861 1911 2127 2290 2402 2427 2707 2906 2915 2952 3091 3094 3100 3207 3714 4008 4139 4239 4284 4355 4509 4539 4852 4888 4903 4925 4975    79 
126 1635 1853    77 133 
125 134 300 442 1427 1720 2660 2711 2717 2791 2972 3324 3457 3565 3761 3935 4268 4288 4313 4336 4365 4449 4460 4516 4540 4598 4600 4601 4603    65 
121    62 71 97 98 116 119 
121 4739    62 71 
121 2094 4034    98 119 
121 1949 2769    98 116 
121 1334 2005 2559    71 97 
121 562 778 905 4542 4639    71 119 
121 454 483 562 602 678 769 778 874 905 1231 1334 1402 1466 1625 1658 1766 1955 1964 2005 2008 2010 2048 2284 2313 2345 2487 2496 2504 2559 2765 2767 2772 2849 2975 3399 3404 3408 3417 3443 3447 3856 3903 3904 3906 3907 3908 3930 4049 4058 4280 4322 4361 4367 4403 4461 4542 4590 4639 4686 4739 4791 4812 4832 4848 4851 4852 4860 4917 4923 4960 5003 5005 5009 5012 5050 5127    71 
121 316 429 562 778 905 1534 1600 1693 1754 1899 1940 2094 2315 2344 2415 3095 3097 3403 3423 3682 3931 4034 4138 4140 4151 4542 4639 4706 4718 4926 5014    119 
121 238 3652 4038 4073    97 98 
121 166 226 459 485 695 962 1046 1059 1374 1437 1653 1873 2419 2499 2693 2698 3033 3165 3229 3256 3679 3710 3733 3902 4082 4092 4204 4415 4481 4508 4561 4599 4739 4826 4891    62 
117 123 142 148 211 242 282 314 328 330 333 367 400 443 445 486 496 501 502 533 538 590 609 624 643 788 833 872 889 925 927 983 993 1050 1081 1115 1134 1140 1159 1167 1174 1208 1232 1292 1298 1304 1305 1309 1318 1347 1357 1359 1411 1449 1501 1536 1541 1595 1603 1607 1610 1615 1663 1746 1758 1804 1805 1813 1833 1838 1859 1867 1891 1898 1910 1925 1944 1952 1974 1979 2011 2042 2053 2067 2072 2083 2087 2129 2164 2188 2203 2280 2341 2361 2377 2386 2401 2492 2501 2528 2529 2558 2564 2613 2614 2628 2650 2674 2746 2763 2782 2928 2929 2952 2969 2971 3015 3026 3028 3039 3041 3045 3046 3047 3048 3049 3050 3083 3129 3195 3198 3207 3237 3276 3281 3287 3288 3329 3336 3337 3340 3344 3350 3357 3394 3426 3450 3451 3455 3501 3511 3533 3545 3553 3617 3618 3643 3645 3686 3724 3770 3829 3858 3865 3872 3882 3994 4002 4007 4032 4033 4053 4064 4066 4076 4085 4120 4125 4167 4170 4199 4291 4295 4312 4390 4435 4534 4544 4545 4697 4698 4699 4705 4814 4888 4975 5052 5064    162 
115 463 644 743 1505 2559 3220 3951 4058 4854 4974    54 83 
114 325 375 467 482 492 494 505 526 556 644 686 720 764 906 968 998 1069 1120 1148 1241 1488 1771 1825 1858 2022 2296 2434 2500 2506 2633 2687 2737 2753 2780 2809 2856 3000 3101 3345 3602 4569 4610 4618 4628 4629 4714 4907 4959 5201    108 
109    77 104 129 145 
109 2442    104 145 
109 153 190 223 235 321 322 455 473 537 616 676 693 1101 1119 1177 1218 1250 1303 1397 1434 1639 1641 1713 1739 1813 1815 1886 2192 2219 2232 2250 2261 2367 2442 2481 2602 2627 2761 2775 2835 2852 3203 4113 4123 4304 4339 4529 4557    104 
101    52 68 
101 211 595 791 924 927 993 1081 1737 2341 2403 2522 2529 2564 2571 2650 2674 2865 2887 2996 3039 3046 3163 3180 3254 3278 3336 3527 3553 3563 3629 3817 4176 4247 4289 4528 4661 4920    68 
101 166 193 195 358 391 440 572 603 942 1062 1147 1218 1250 1265 1557 1987 2137 2265 2379 2657 2788 3011 3022 3032 3111 3112 3260 3332 3488 3513 3523 3596 3597 4023 4057 4071 4090 4094 4095 4207 4338 4407 4411 4463 4481 4531 4682 4886    52 
92 135 233 405 887 1646 1851 2177 2227 2338 2502 2530 2552 2638 3025 3118 3185 3260 3492 3513 3714 3868 3892 3915 3980 3988 4082 4171 4184 4204 4261 4352 4504 4734 4757    100 
90 146 174 272 310 401 517 650 798 949 984 1147 1196 1274 1319 1461 1551 1845 2273 2406 2507 2521 2655 2667 2785 3062 3291 3493 3631 3665 4122 4192 4278 4426 4445 4453 4533 4560 4672 4682 4737 4740 4745 4785 4796    66 
89 860 1176 1594 2240 2298 2752 3061 3106 3366 3367 3377 3492 3522 4038 4052 4333 4337 4454 4658    69 
88    51 70 97 101 102 127 
88 3832    97 102 
88 3512    70 101 
88 1339    51 70 
88 415 528 595 1159 1189 1339 1638 1705 1736 1784 1845 2065 2189 2426 2713 3019 3025 3027 3033 3235 3322 3410 3543 3596 3703 3721 3737 3818 3819 3820 3951 3953 4031 4069 4180 4203 4275 4315 4328 4332 4497 4504 4528 4718 4768 4771    51 
88 238    70 97 
88 142 238 1339 2035 2082 2217 2307 3150 3452 3512 3545 3618 3653 3902 3915 3946 3996 4023 4347 4421    70 
88 131    101 102 127 
88 131 1983 2260 2665 3030 3032 3111 3112 3332 3726 3767 3911 4004 4092 4095 4111 4279 4366 4481 4681    101 102 
88 131 472 695 818 1203 1218 1223 1698 1759 1823 1983 2260 2265 2572 2654 2665 2722 3026 3030 3032 3043 3111 3112 3115 3116 3117 3204 3332 3498 3512 3513 3523 3617 3646 3726 3767 3769 3817 3863 3911 4003 4004 4020 4037 4039 4044 4048 4070 4092 4095 4111 4198 4279 4366 4481 4534 4681 4762 4790 4820 4944    101 
88 131 242 244 538 549 1098 1369 1406 1871 1990 2042 2115 2356 2502 2528 2536 2590 2592 2680 2858 2983 3174 3290 3329 3340 3385 3388 3416 3437 3651 3706 3712 3714 3716 3751 4008 4085 4088 4196 4496 4672 4673 4720 4775    127 
88 119 131 132 252 385 488 654 773 830 1080 1093 1582 1618 1642 1676 1773 1844 1862 1983 2047 2079 2089 2107 2111 2213 2260 2505 2607 2665 2677 2697 2723 2731 2798 2803 2831 3030 3032 3111 3112 3332 3348 3474 3660 3669 3698 3726 3747 3750 3757 3767 3832 3911 4004 4092 4095 4111 4188 4276 4279 4319 4358 4366 4453 4481 4681 4806 4807 4957    102 
86 511 752 1261 1634 1739 2192 2330 2385 2400 2733 2911 3302 3414 3545 3603 3887 4134 4171 4222 4308 4547 4616    43 
83 102 254 287 298 313 319 831 904 1028 1448 1472 1547 1560 1567 1608 1775 1875 2041 2050 2057 2059 2237 2443 2455 2695 2937 2949 2964 2975 2976 3099 3183 3422 3427 3428 3445 3480 3612 3743 3959 4038 4107 4251 4265 4459 4491 4805 4883 4926 4946 4988 5066    73 
80 283 413    54 84 116 
80 283 413 2344 2350 2873 4061 4478 4895 4973    54 84 
80 283 413 1949 2184 3221 3745 4419 5068    54 116 
80 283 413 668 1717 2152 2562 2578    84 116 
80 191 229 274 283 373 389 413 465 514 524 547 619 668 716 777 959 1030 1059 1075 1077 1111 1127 1168 1377 1624 1717 1767 1863 1864 1934 1961 2062 2113 2152 2188 2206 2336 2344 2350 2437 2513 2562 2565 2578 2720 2873 2907 2915 2946 3008 3081 3184 3262 3312 3448 3460 3502 3597 3600 3828 3833 4035 4038 4061 4234 4255 4257 4348 4358 4394 4397 4478 4490 4510 4584 4592 4655 4805 4816 4846 4873 4886 4895 4941 4973 5041 5088 5091 5113 5145    84 
78 96 170 171 192 194 248 251 300 303 334 357 377 392 594 674 776 802 884 909 1074 1139 1197 1255 1257 1317 1398 1401 1478 1497 1559 1586 1628 1719 1855 1893 1968 1973 1982 2276 2287 2310 2362 2449 2451 2473 2480 2512 2617 2619 2703 2736 2747 2789 2799 2816 2840 2870 2875 3323 3330 3353 3673 3965 3970 4184 4439 4495 4652 4656 4769 4951 4978 5021 5089    143 
77 155 163 167 235 264 347 452 510 515 594 699 1029 1060 1114 1137 1270 1294 1347 1454 1578 1585 1641 1728 1787 1802 1847 1850 1938 1992 1993 2097 2101 2205 2215 2413 2421 2523 2551 2657 2914 2977 3035 3297 3468 3648 3678 3831 3852 3885 3905 4116 4128 4280 4306 4368 4552 4649 4697 4800 4894 5020    80 
76 127 144 204 289 320 420 506 554 717 723 725 740 938 1006 1188 1227 1272 1361 1399 1419 1474 1480 1543 1644 1652 1706 1721 1725 1784 1828 1830 1839 1840 1966 1971 1995 2003 2025 2043 2371 2435 2499 2549 2640 2675 2688 2735 2824 2838 3120 3192 3209 3210 3211 3212 3213 3215 3216 3217 3218 3258 3266 3308 3371 3373 3374 3375 3380 3381 3438 3439 3440 3441 3612 4130 4298 4440 4588 4604 4680 4721 4972    42 
74 238 649 653 668 741 863 979 989 1258 1395 1535 1537 1547 1596 1600 1708 1716 1907 2041 2204 2226 2357 2760 2849 2890 2926 2933 2960 2964 2989 3110 3119 3143 3314 3419 3420 3539 3559 3567 3568 3583 3636 3704 3805 3889 4225 4473 4568 4587 4606 4611 4643 4655 4667 4716 4805 4971 4988 5060 5066 5159    45 
73 113 241 327 354 399 401 439 444 456 481 670 683 763 792 819 868 945 957 1016 1136 1160 1265 1280 1299 1308 1315 1420 1459 1496 1551 1648 1874 2062 2151 2249 2292 2407 2446 2508 2543 2592 2618 2725 2727 2763 2793 2871 3235 3596 3604 3687 3861 3978 3989 4080 4081 4141 4277 4338 4367 4480    75 
71    37 59 72 83 149 
71 4892    59 72 83 149 
71 4887 4892 4909    59 83 
71 2559 4146 4509 4892    72 83 149 
71 743 876 1997 2559 4049 4113 4146 4509 4892    83 149 
71 576 1334 1444 1505 2026 2448 2559 2648 3951 4038 4146 4153 4509 4853 4854 4892 4935 4953 5012 5102 5113 5126    72 83 
71 459    37 59 72 149 
71 459 4892    59 72 149 
71 459 3679 4776    37 72 149 
71 459 2189 2496 2559 2576 2853 3679 3841 4146 4509 4776 4892 5127    72 149 
71 459 567 4666 4892 4971    59 149 
71 459 553 3679 4765 4776    37 149 
71 350 459 1992 2392 4892    59 72 
71 339 459 498 553 567 575 585 635 743 793 822 876 1402 1461 1487 1517 1611 1836 1940 1997 2189 2493 2496 2559 2566 2576 2734 2800 2853 2871 2906 2930 2961 3024 3188 3424 3442 3444 3679 3760 3841 3854 4030 4049 4056 4111 4113 4139 4146 4455 4486 4509 4527 4608 4666 4765 4776 4852 4892 4959 4971 5127    149 
71 296 459 3409 3679 3682 4041 4361 4739 4759 4776    37 72 
71 238 459    37 59 
71 238 296 321 459 553 632 987 1331 1638 1811 2419 2713 3365 3409 3512 3604 3618 3625 3650 3679 3682 3715 3716 3728 3901 3929 3946 3996 4041 4042 4105 4224 4291 4361 4491 4612 4739 4755 4759 4765 4775 4776 4777    37 
71 209 296 350 351 373 391 393 413 451 459 560 562 572 576 591 599 771 905 917 1048 1075 1140 1151 1206 1243 1265 1325 1334 1444 1505 1637 1672 1693 1730 1767 1781 1794 1992 2026 2144 2174 2189 2202 2297 2306 2370 2392 2414 2418 2448 2496 2537 2559 2576 2632 2648 2666 2682 2696 2706 2748 2765 2853 2913 3003 3076 3092 3120 3393 3399 3408 3409 3410 3443 3447 3552 3567 3615 3679 3680 3682 3712 3743 3745 3831 3836 3841 3875 3902 3908 3951 3985 4034 4038 4041 4126 4138 4146 4153 4155 4276 4321 4329 4361 4390 4429 4478 4509 4569 4684 4739 4754 4759 4776 4797 4805 4851 4853 4854 4892 4917 4935 4944 4953 5012 5102 5113 5121 5126 5127    72 
70 4328 4595    112 155 
70 108 158 445 450 480 553 715 829 905 972 1003 1023 1048 1061 1159 1343 1556 1723 2127 2128 2177 2180 2182 2220 2317 2399 2420 2421 2533 2581 2588 2945 2979 3106 3154 3198 3214 3241 3306 3368 3413 3534 3546 3605 3666 3714 3720 3723 3732 3767 3781 3866 3877 3916 3949 3967 3971 4043 4086 4090 4194 4230 4231 4240 4328 4332 4362 4378 4392 4462 4479 4535 4571 4579 4595 4696 4750 4753 4754 4767 4999 5153 5159    112 
68    77 82 
67 893 1886 1888 2026 2208 2806 4622 4876 4902 4909 5047    83 87 
67 82 105 315 397 663 668 712 716 735 739 840 893 897 1040 1114 1143 1178 1265 1283 1316 1352 1438 1519 1645 1763 1772 1847 1864 1886 1888 2019 2026 2056 2126 2208 2297 2355 2418 2419 2440 2548 2576 2632 2801 2806 2892 2953 2993 3182 3194 3284 3294 3339 3392 3493 3648 3834 3875 3879 3909 4052 4073 4105 4131 4137 4143 4148 4149 4150 4152 4156 4276 4282 4317 4404 4451 4475 4518 4541 4574 4622 4633 4687 4713 4775 4781 4796 4797 4800 4849 4867 4871 4876 4894 4902 4903 4909 4949 5046 5047 5050 5103 5105 5131 5205    87 
67 71 115 463 576 644 743 769 876 893 959 1012 1124 1150 1334 1444 1505 1516 1625 1643 1703 1886 1888 1904 1989 1997 2026 2208 2314 2448 2454 2559 2648 2806 2963 2966 3220 3248 3387 3951 4038 4049 4058 4113 4142 4146 4153 4271 4509 4511 4622 4632 4853 4854 4876 4887 4892 4902 4909 4921 4935 4936 4937 4953 4954 4963 4974 4990 4991 5012 5019 5023 5037 5047 5072 5081 5095 5102 5113 5126    83 
64 133 558 678 752 790 1143 1397 1632 1766 1812 1842 1927 2056 2758 2863 2911 3875 3909 3933 3953 4144 4157 4358 4475 4486 4702 4780 4855 4902 5014 5030 5094    85 
63 503 551 553 557 635 700 778 848 862 880 961 1092 1120 1165 1251 1487 1912 2050 2172 2315 2394 2690 2729 2903 2965 3090 3143 3398 3403 3423 3446 4175 4246 4248 4250 4260 4491 4631 4675 5159    148 
62    57 63 121 
62 637 638 687 842 946 1016 1046 1049 1098 1115 1256 1280 1308 1623 1709 1768 1867 1917 2004 2016 2065 2078 2132 2146 2168 2239 2242 2644 2728 2881 2922 3068 3069 3070 3293 3727 3754 3816 3833 3861 3862 3863 3864 3878 3883 3884 4017 4063 4277 4418 4433 4505 4700 4701 4703 4730 4783 4792 4813 4814 4815 4816 4828 4829 4830 4831 4837 4838 4864 4889 4896 4897 4915 4958 4976 4983 5002 5004 5033 5053 5054 5100 5104 5118 5140 5193    57 
62 122 244 422 601 624 671 945 1091 1153 1343 1360 1406 1564 1665 1698 1817 1967 2148 2177 2256 2536 2788 2914 3053 3725 3853 4087 4097 4112 4124 4274 4408 4411 4463    63 
60 69 71 100 124 138 143 150 183 218 225 227 238 262 285 290 318 350 388 446 459 504 506 544 555 567 573 625 661 665 686 689 697 703 730 737 741 779 786 796 801 808 809 844 864 891 903 936 954 992 1027 1032 1052 1122 1228 1229 1233 1288 1301 1314 1327 1345 1373 1389 1390 1450 1465 1491 1502 1556 1576 1670 1721 1724 1749 1780 1827 1868 1876 1880 1882 1906 1932 1943 1959 1991 1992 1994 2013 2044 2045 2050 2073 2091 2137 2154 2193 2201 2207 2214 2333 2353 2374 2387 2392 2393 2417 2466 2471 2485 2495 2511 2580 2585 2589 2615 2646 2724 2764 2783 2820 2826 2836 2847 2884 2901 2908 2912 2933 2959 2984 3038 3135 3164 3178 3196 3199 3201 3274 3300 3313 3314 3324 3325 3402 3422 3456 3463 3528 3560 3608 3616 3753 3756 3794 3795 3805 3808 3812 3815 3955 3972 4031 4060 4074 4121 4259 4293 4424 4469 4666 4716 4724 4725 4778 4856 4887 4892 4909 4930 4967 4971 5031 5051 5119    59 
59 93 129 140 147 223 281 336 381 492 526 553 569 589 711 726 899 997 1012 1118 1163 1219 1293 1316 1384 1463 1477 1548 1568 1594 1614 1631 1671 1931 1940 1951 2034 2127 2131 2153 2238 2291 2560 2567 2599 2951 2954 2976 2981 3077 3097 3133 3134 3171 3175 3289 3299 3327 3364 3369 3405 3418 3449 3534 3899 4052 4214 4215 4220 4242 4252 4294 4530 4572 4643 4645 4657 4719 4805    78 
58 79 237 279 292 299 457 466 535 542 712 782 853 988 990 995 1213 1238 1312 1458 1511 1529 1667 1689 1741 1846 1919 1923 2086 2133 2134 2245 2318 2503 2920 2948 2950 3197 3481 3672 3924 3925 4009 4062 4129 4164 4166 4269 4334 4379 4464 4567 4605 4943    158 
54 253 403 472 695 745 1159 1247 1310 1331 1638 1740 1761 1807 1814 2118 2181 2182 2561 2579 2817 2848 3025 3027 3176 3244 3302 3498 3543 3596 3703 3705 3706 3715 3768 3769 3818 3886 3996 4023 4042 4086 4090 4284 4301 4315 4340 4342 4504 4757 5042    99 
53 88 118 121 238 263 295 355 409 582 680 707 790 859 970 1038 1150 1187 1228 1274 1334 1390 1444 1516 1542 1598 1643 1742 1749 1805 1811 1868 1883 1886 1991 2005 2126 2151 2207 2208 2261 2301 2392 2441 2493 2532 2541 2547 2559 2635 2671 2734 2752 2794 2800 2806 2820 3652 3832 3840 3854 3954 4038 4056 4073 4120 4153 4325 4519 4685    97 
52 98 157 199 211 247 282 304 346 366 376 407 432 511 525 543 624 708 719 760 857 918 924 981 1007 1100 1159 1164 1166 1198 1208 1209 1221 1225 1254 1362 1394 1521 1554 1603 1605 1701 1735 1778 1779 1790 1833 1900 1902 1910 1915 1920 1944 1980 2011 2046 2164 2337 2431 2608 2616 2651 2662 2681 2811 2907 2958 2996 3037 3063 3278 3285 3334 3351 3354 3534 3752 3865 4715 4920 4950 5059    161 
48 161 196 217 243 255 296 303 308 311 317 340 345 366 427 438 474 520 604 613 634 657 659 692 744 754 770 812 902 910 998 1068 1090 1109 1129 1145 1214 1224 1287 1289 1324 1396 1412 1414 1467 1491 1494 1557 1606 1630 1650 1744 1747 1800 1833 1896 1909 2120 2132 2155 2166 2243 2254 2332 2351 2359 2507 2527 2542 2623 2626 2631 2681 2684 2739 2753 2778 2834 2867 2869 2923 2950 3141 3235 3329 3340 3344 3357 3430 3568 3582 3914 3917 3919 3921 3923 4267 5059    124 
43 210 256 323 959 1154 1381 1715 1888 1904 1950 2024 2095 2517 2519 2622 2632 2825 2970 3008 3184 3933 4072 4100 4169 4263 4607 4608 4609 4611 4613 4614 4615 4617 4619 4621 4623 4624 4625 4637 5117 5145    128 
38    120 123 135 
38 2037    123 135 
38 182 335 486 783 818 1046 1357 3059 3131 3347 3384 3415 3771 4067 4118 4500 4803 4913 5193    120 135 
38 182 214 244 335 453 486 488 516 536 621 643 783 818 967 1036 1046 1300 1309 1357 1577 1603 1636 1679 1726 1729 1881 1897 1898 1934 2037 2045 2132 2458 2459 2523 2594 2910 2955 3013 3059 3131 3237 3275 3347 3384 3415 3476 3495 3504 3519 3523 3694 3734 3762 3768 3771 3861 3938 3988 3994 4033 4067 4118 4180 4275 4357 4500 4512 4651 4711 4803 4913 4939 5006 5107 5193    135 
38 75 137 266 396 564 571 814 920 937 943 950 955 1062 1088 1204 1290 1455 1527 1549 1877 1908 2032 2035 2037 2053 2085 2106 2112 2122 2159 2410 2420 2539 2750 2768 2781 2802 2815 2888 2921 3019 3051 3239 3244 3487 3513 3518 3524 3525 3642 3658 3663 3705 3706 3714 3716 3723 3725 3744 3766 3817 3858 3892 3916 3997 4047 4048 4066 4070 4075 4207 4303 4369 4396 4458 4647 4697 4708 4819 4948    123 
38 66 182 221 232 335 486 496 497 636 684 736 783 789 818 845 912 980 1021 1046 1064 1139 1205 1317 1357 1388 1453 1483 1651 1777 1814 1871 1884 1996 2040 2054 2114 2343 2478 2861 2922 2940 2994 3016 3054 3059 3060 3131 3140 3165 3347 3378 3384 3415 3457 3471 3473 3500 3522 3637 3701 3771 3775 3788 3849 3859 3862 3864 4011 4059 4067 4118 4133 4500 4502 4537 4543 4583 4734 4803 4823 4836 4878 4891 4913 4931 5106 5193    120 
35 80 121 224 283 301 413 434 462 503 505 506 557 608 660 668 721 758 762 875 880 979 996 1044 1206 1248 1316 1442 1545 1571 1715 1717 1905 1949 2038 2138 2152 2157 2184 2231 2234 2253 2305 2331 2440 2450 2476 2562 2578 2705 2745 2753 2769 2770 2822 2967 3221 3277 3341 3349 3745 4041 4127 4147 4154 4174 4232 4264 4419 4570 4716 4908 5068    116 
34 109 1244 4369 4654    77 129 
34 109 129 130 149 268 512 564 571 694 772 869 913 949 974 1031 1057 1175 1244 1294 1500 1523 1542 1588 1597 1723 1724 1732 1782 1862 1928 1957 1975 2000 2043 2194 2302 2406 2410 2509 2618 2629 2951 3245 3282 3295 3664 3981 4132 4188 4239 4369 4535 4654 4676 4837 4914    129 
34 40 68 104 109 126 156 161 184 338 369 382 430 470 508 566 648 680 690 797 810 821 836 850 860 896 901 1008 1033 1056 1117 1197 1244 1349 1435 1573 1575 1635 1757 1783 1824 1853 1869 1924 1983 2085 2108 2222 2241 2278 2299 2405 2704 2839 2917 2957 3252 3257 3391 3486 3659 3810 3826 3827 3840 3862 3961 3976 4040 4106 4108 4369 4401 4638 4654 4948    77 
33    54 105 
32 55 81 126 154 197 245 337 360 361 396 477 578 657 710 755 767 784 950 1014 1019 1102 1156 1165 1306 1522 1587 1635 1714 1717 1853 1892 1929 1981 2139 2142 2267 2323 2347 2388 2593 2904 3911 4589    133 
29 2716    82 144 
29 36 41 65 106 188 222 234 271 276 290 293 329 331 353 365 386 406 408 527 555 577 586 617 666 718 751 753 811 861 865 885 907 908 934 964 991 1043 1050 1076 1079 1095 1110 1113 1121 1123 1158 1275 1276 1278 1284 1313 1338 1374 1375 1376 1393 1429 1469 1471 1492 1507 1513 1553 1569 1649 1683 1696 1733 1745 1748 1774 1843 1903 1956 1965 1984 2001 2099 2117 2124 2212 2225 2274 2275 2316 2325 2326 2348 2366 2378 2438 2461 2474 2479 2490 2531 2556 2605 2610 2612 2716 2726 2738 2777 2857 2862 2945 2962 3066 3071 3072 3073 3192 3202 3303 3386 3400 3529 3544 3593 3594 3613 3728 3843 3844 3845 3846 3847 3910 3984 4078 4122 4227 4228 4235 4292 4296 4448 4453 4471 4511 4668 4692 4744 4788 4795 4806 4865    144 
28 37 46 57 103 110 160 163 164 175 176 185 202 213 226 236 240 250 258 260 269 324 341 342 343 348 353 359 364 447 489 507 519 522 563 574 583 588 593 597 620 623 642 652 655 675 681 682 689 691 704 728 729 734 746 757 766 803 813 817 832 855 866 877 878 881 882 883 888 907 911 947 951 966 977 1026 1053 1071 1083 1087 1089 1104 1106 1133 1161 1162 1170 1171 1179 1182 1185 1210 1215 1234 1237 1271 1335 1350 1370 1374 1382 1409 1415 1422 1425 1433 1443 1446 1447 1460 1464 1469 1479 1493 1506 1510 1512 1515 1530 1538 1546 1599 1601 1604 1609 1612 1661 1680 1682 1684 1685 1690 1691 1699 1704 1738 1750 1752 1762 1786 1791 1798 1810 1816 1821 1831 1832 1856 1860 1870 1872 1922 1926 1943 1960 1962 1969 1970 1986 2007 2017 2023 2039 2044 2066 2069 2077 2080 2110 2149 2173 2175 2184 2191 2210 2223 2224 2248 2275 2277 2304 2312 2339 2346 2349 2364 2383 2396 2409 2422 2425 2428 2432 2433 2457 2465 2538 2540 2574 2584 2598 2625 2638 2641 2667 2668 2669 2678 2685 2692 2710 2721 2742 2743 2776 2779 2828 2833 2843 2851 2876 2899 2900 2902 3033 3065 3067 3103 3104 3113 3114 3121 3142 3186 3206 3208 3224 3225 3228 3231 3236 3238 3243 3247 3249 3250 3251 3253 3256 3259 3261 3264 3269 3270 3311 3370 3406 3494 3497 3503 3505 3507 3508 3540 3549 3606 3609 3610 3614 3619 3620 3622 3623 3630 3677 3683 3684 3685 3695 3702 3736 3739 3740 3742 3759 3764 3765 3782 3783 3785 3786 3790 3792 3823 3835 3848 3869 3873 3874 3890 3891 3893 3894 3898 3900 3912 3913 3920 3927 3928 3932 3942 3943 3944 3945 3952 3956 3957 3983 3990 3991 4158 4186 4202 4208 4209 4211 4213 4216 4217 4245 4256 4262 4305 4335 4349 4350 4351 4353 4368 4372 4381 4384 4398 4406 4410 4447 4456 4457 4472 4477 4493 4498 4499 4523 4532 4555 4556 4558 4565 4665 4670 4671 4677 4678 4679 4683 4690 4695 4732 4743 4746 4752 4756 4763 4764 4766 4770 4774 4827 4933 5038 5063    53 
26 116 163 166 181 428 490 509 539 662 742 843 1095 1220 1332 1429 1532 1660 1710 1796 2156 2281 2358 2605 2638 3054 3205 3506 3629 3689 4380 4577 4603    49 
24 44 56 246 305 518 580 587 605 731 765 826 926 929 999 1002 1039 1066 1094 1175 1200 1274 1432 1452 1533 1717 1820 1878 1913 1939 2020 2126 2288 2391 2411 2446 2469 2470 2489 2554 2676 2694 2757 2766 2771 2855 3137 3172 3227 3242 3265 3379 3397 3411 3494 3531 3627 3785 3789 3897 3932 3978 3999 4045 4051 4054 4083 4210 4233 4323 4344 4405 4504 4510 4524 4689 4698 4751 4821 4822 4839 4840 4873 4874 4884 4893 4962 5065    139 
22 379 479 1149 3634 4548 5049 5144    40 98 
21 296 391 461 618 743 937 1190 1503 1616 1736 1963 2189 2257 2360 2379 2509 2524 2570 2586 2639 2998 3043 3244 3376 3468 3552 3626 3756 3820 3838 3871 3872 3886 3951 3978 3993 4046 4192 4338 4341 4358 4390 4407 4426 4509 4762    125 
19 94 216 307 350 352 433 530 660 738 976 1142 1202 1253 1358 1489 1647 1654 1687 1731 1901 1946 2012 2272 2372 2384 2423 2462 2787 2812 4929    88 
18 296 391 415 450 451 459 601 627 715 769 905 1046 1098 1269 1310 1339 1406 1698 1772 1895 2049 2082 2118 2146 2187 2530 2713 3054 3408 3410 3511 3711 3760 3768 3929 3980 4042 4112 4121 4131 4446 5008 5127    157 
17 30 50 87 91 129 162 179 208 268 271 280 285 358 387 390 395 402 414 424 453 464 471 485 534 552 595 610 611 612 669 673 679 702 705 706 714 727 736 748 834 856 922 930 955 974 1031 1041 1085 1103 1108 1123 1181 1201 1246 1276 1281 1323 1326 1333 1351 1366 1453 1482 1486 1509 1524 1528 1544 1584 1602 1627 1678 1688 1694 1764 1801 1806 1818 1827 1873 1880 1894 1947 1953 2002 2015 2029 2031 2033 2043 2054 2076 2098 2100 2122 2125 2150 2158 2169 2171 2179 2242 2268 2309 2477 2498 2577 2586 2630 2658 2664 2689 2702 2718 2773 2792 2804 2850 2992 3019 3030 3032 3033 3036 3051 3058 3084 3112 3125 3130 3144 3181 3200 3233 3240 3241 3295 3335 3362 3372 3395 3401 3472 3484 3485 3488 3514 3520 3536 3661 3675 3706 3721 3744 3766 3767 3768 3769 3816 3825 3839 3852 3855 3857 3859 3860 4004 4010 4070 4110 4114 4180 4197 4200 4201 4203 4207 4237 4238 4279 4326 4335 4343 4366 4371 4385 4413 4436 4450 4481 4489 4507 4538 4551 4562 4636 4653 4770 4823 4862 4865 4875 4914 4942 4958 5031 5112 5137    46 
16 4837    50 114 
16 356 373 550 558 750 978 1063 1252 1340 1490 1648 1734 1751 1827 1935 2125 2148 2494 2714 2719 3597 3651 4078 4441 4837    114 
16 23 173 207 245 264 371 380 410 431 528 575 628 709 759 786 827 860 929 933 1065 1078 1091 1114 1193 1260 1262 1277 1280 1282 1319 1342 1369 1406 1423 1508 1517 1520 1641 1677 1700 1717 1742 1849 1887 1939 1941 2082 2093 2116 2140 2194 2218 2292 2322 2452 2493 2827 2841 2854 2887 2897 2918 3105 3126 3228 3263 3264 3631 3711 3778 3779 3780 3830 3851 4001 4066 4322 4524 4703 4781 4799 4837 4983 5033 5084 5104 5155 5156 5157    50 
15    40 121 155 
15 70 368 1339 1653 1895 2190 2221 2255 2386 2525 2842 2986 3020 3100 3167 3168 3707 3708 4120 4160 4283 4328 4595 4620    155 
15 62 97 238 270 315 423 460 540 788 820 824 893 955 982 986 1150 1204 1269 1641 1664 1692 1865 1883 1890 1913 1942 2058 2162 2390 2392 2544 2635 2642 2895 2982 3010 3023 3511 3664 3719 3721 3755 3881 3896 3981 4151 4281 4331 4497 4599 4849 4877 4887 4942    121 
15 22 25 246 257 306 379 384 435 479 567 646 698 722 756 815 860 911 1149 1162 1239 1311 1316 1413 1417 1552 1611 1622 1661 1668 1684 1861 1936 2006 2014 2018 2103 2251 2382 2444 2468 2573 2637 2673 2756 2782 2885 2954 3031 3164 3188 3189 3238 3245 3250 3425 3499 3517 3594 3634 3797 3808 3811 3821 3824 3934 3977 4179 4502 4519 4548 4549 4600 4626 4691 4738 4787 4841 4862 4908 4940 5049 5144 5206    40 
14 136 279 996 1051 1112 1462 1498 1571 1666 1788 2055 2311 2375 2715 2859 2896 3017 3453 4159 4554    103 
13 127 344 434 592 823 829 1239 1327 1721 1938 2088 2143 2161 2207 2300 2320 2463 2541 2724 2752 2754 2816 2882 3096 3107 3880 4161 4395 4718 5119 5145    58 
12 149 150 499 1165 1719 1776 1980 2663 3292 3633 4593    113 
11 131 570 2634 2749 3554 3555 3567 3569 3573 3578 3579 3580 3581 3589 4065    90 93 
11 72 95 112 131 169 180 221 265 275 302 309 385 404 412 417 418 521 546 548 561 565 570 614 631 761 774 794 830 854 870 894 916 923 931 935 941 971 985 1010 1015 1018 1099 1125 1175 1192 1194 1211 1226 1229 1240 1301 1348 1372 1387 1470 1591 1621 1623 1656 1695 1697 1756 1796 1823 1852 1876 1885 1889 1932 1954 1972 1978 1988 1992 2068 2091 2092 2096 2111 2144 2198 2220 2230 2233 2270 2278 2319 2327 2380 2395 2483 2518 2563 2585 2624 2634 2643 2657 2679 2701 2709 2731 2732 2749 2789 2797 2810 2814 2837 2847 2864 2898 2909 2912 2921 3013 3086 3088 3089 3193 3267 3268 3271 3272 3465 3492 3521 3554 3555 3567 3569 3573 3578 3579 3580 3581 3589 3632 3639 3642 3660 3705 3733 3793 3800 3808 3868 3911 3939 3953 4040 4065 4075 4115 4121 4159 4163 4193 4319 4406 4479 4521 4525 4736 5055    93 
11 42 85 131 152 200 261 277 286 288 297 379 425 517 529 555 559 570 626 651 660 688 771 780 787 816 844 886 945 987 1042 1047 1055 1082 1144 1230 1267 1268 1279 1371 1430 1476 1495 1525 1539 1580 1760 1769 1792 1819 1829 1854 1916 1933 1937 2084 2196 2235 2242 2264 2271 2293 2303 2335 2456 2472 2482 2497 2526 2596 2634 2708 2749 2751 2752 2838 3042 3273 3333 3359 3396 3405 3456 3458 3459 3461 3462 3464 3466 3467 3539 3554 3555 3556 3557 3558 3559 3560 3561 3562 3564 3566 3567 3568 3569 3570 3571 3572 3573 3574 3575 3576 3577 3578 3579 3580 3581 3582 3583 3584 3585 3586 3587 3588 3589 3595 3688 3729 3776 3836 3955 3982 3992 4021 4065 4185 4187 4205 4206 4244 4253 4272 4318 4397 4425 4468 4510 4585 4587 4727 4729 4749 4784 4873 4927 4947    90 
10 20 31 49 61 99 172 191 204 278 289 320 398 420 478 498 536 567 568 606 629 646 697 717 723 756 793 804 815 886 940 941 952 958 971 975 1006 1011 1022 1059 1060 1064 1084 1188 1194 1227 1307 1314 1355 1392 1400 1439 1470 1514 1543 1552 1565 1611 1613 1617 1644 1652 1681 1707 1711 1725 1740 1828 1876 1879 1995 2018 2329 2354 2390 2447 2486 2491 2563 2624 2688 2735 2755 2756 2813 2832 2877 2924 3109 3136 3156 3179 3187 3188 3190 3191 3208 3255 3257 3271 3274 3308 3309 3371 3373 3374 3375 3380 3381 3431 3432 3434 3438 3439 3440 3441 3493 3735 3794 3795 3797 3801 3804 3805 3806 3810 3811 3812 3814 3821 3822 3824 3895 3941 3963 4160 4162 4231 4240 4317 4374 4375 4443 4514 4550 4596 4602 4680 4748 4878 4956    39 
9 109 639 897 956 960 1620 1793 1797 2342 2442 2515 2712 2741 2968 3079 3098 3146 3147 3149 3152 3159 3161 3363 3950 4079 4107 4221 4309 4386 4393 4402 4591 4630 4659 4674 4883    145 
8 415 624 965 1421 1475 2167 2328 2484 2535 3054 3145 3170 4035 4112 4131 4315 4330 4345 4766    110 
7 22 51 107 121 150 168 206 238 259 349 379 437 448 479 491 493 607 664 677 689 703 775 801 806 838 846 848 851 852 928 961 969 975 1000 1001 1013 1092 1132 1149 1165 1169 1212 1296 1356 1363 1391 1392 1424 1428 1430 1451 1525 1526 1535 1566 1662 1674 1708 1789 1826 1835 1945 1949 2021 2041 2060 2094 2172 2183 2283 2289 2397 2445 2560 2595 2601 2631 2652 2672 2691 2700 2707 2769 2855 2886 2927 2947 2949 3007 3074 3076 3143 3230 3298 3304 3368 3421 3538 3539 3590 3591 3592 3607 3628 3634 3636 3652 3772 3922 3923 3936 3937 3969 3974 3975 3976 3986 4029 4034 4038 4073 4177 4195 4324 4363 4370 4377 4397 4431 4443 4510 4526 4548 4575 4580 4585 4693 4758 4803 4835 4847 4857 4873 4878 4882 4885 4905 4906 4907 4913 4916 4938 4959 4966 4970 4971 4993 5016 5036 5049 5051 5058 5066 5085 5125 5144 5145 5146 5153 5159 5195 5196 5197    98 
6    91 126 
6 84 179 186 231 273 284 358 579 581 655 799 861 895 963 1146 1295 1321 1335 1368 1416 1499 1510 1512 1540 1619 1673 1727 2027 2123 2228 2270 2348 2358 2603 2670 2789 2830 2846 2868 2919 2920 2980 3004 3361 3497 3731 4057 4059 4206 4219 4226 4299 4384 4412 4662 4774 5061    91 
5 6 189 239 602 822 825 939 1054 1534 1927 2135 2170 2441 2906 2912 3108 3640 3813 3987 4049 4074 4135 4297 4459 4466 4848 4892 4922 5113 5138    126 
4 33 45 47 363 372 596 645 696 701 863 879 928 1025 1130 1245 1264 1285 1311 1328 1355 1379 1385 1395 1430 1456 1476 1531 1590 1633 1669 1743 1795 1848 1876 1916 2064 2119 2197 2246 2336 2363 2365 2381 2430 2545 2587 2786 2800 2823 2837 2886 2941 3034 3057 3153 3223 3274 3429 3458 3466 3475 3509 3590 3598 3621 3635 3796 3797 3798 3799 3802 3803 3805 3806 3807 3811 3812 3815 3821 3975 4031 4218 4254 4324 4427 4503 4506 4517 4575 4578 4722 4728 4859 5051 5067 5083 5183    105 
3 27 29 39 68 120 132 178 201 209 249 267 326 559 596 713 721 781 785 948 1067 1072 1105 1263 1348 1473 1555 1589 1622 1659 1736 1765 1809 1948 2121 2145 2155 2199 2224 2324 2332 2352 2365 2391 2467 2583 2597 2606 2646 2653 2716 2774 2800 2805 2821 2851 2860 2973 2974 3044 3138 3177 3326 3548 3550 3676 3681 3684 3697 3700 3785 3837 3926 3936 4019 4065 4127 4168 4189 4288 4300 4428 4444 4467 4536 4576 4581 4582 4584 4586 4634 4635 4663 4825 4842 4931 5061    82 
2 33 80 115 159 165 283 340 413 463 560 644 739 743 873 1017 1283 1436 1481 1505 1645 1712 1808 1874 1949 2005 2184 2285 2286 2295 2344 2350 2418 2559 2569 2589 2734 2762 2793 2829 2873 2879 3012 3018 3021 3040 3064 3075 3220 3221 3226 3338 3490 3491 3510 3515 3517 3615 3701 3745 3763 3784 3831 3850 3870 3876 3902 3905 3909 3951 3995 4058 4061 4118 4212 4276 4287 4409 4419 4420 4478 4684 4686 4796 4854 4895 4973 4974 5048 5068 5092 5111 5121 5205    54 
1    122 132 150 160 
1 3766 4055    122 150 
1 774    122 132 160 
1 774 3553 3911    122 132 
1 774 1636 2308 2570 2614 4032    122 160 
1 600 1203 1640 1665 2657 2858 3498 3766 3817 3978 4008 4055 4340 4476 4561 4766    150 
1 193 450 774 4736    132 160 
1 193 383 450 469 470 480 488 768 774 925 937 1180 1261 1364 1408 1440 1550 1603 1636 1723 1958 1983 1985 2035 2163 2213 2308 2404 2502 2570 2614 2621 2665 2683 2845 2893 3022 3026 3053 3054 3055 3356 3496 3617 3671 3720 3725 3816 3838 3872 4032 4036 4037 4039 4053 4199 4266 4390 4412 4479 4531 4534 4736 4777 4785 4945 5062    160 
1 142 146 270 400 501 624 774 854 921 953 1020 1046 1140 1173 1211 1244 1286 1636 1732 1805 2083 2236 2244 2260 2308 2334 2408 2570 2582 2614 2647 2698 2895 3111 3195 3495 3526 3527 3553 3639 3643 3660 3709 3766 3862 3871 3911 3938 3948 3993 3994 4006 4017 4020 4032 4033 4044 4055 4057 4071 4087 4088 4089 4104 4179 4327 4494 4681 4699 4708 4734    122 
1 111 151 193 450 502 774 1058 1159 1242 1610 2280 2436 2609 2782 2956 3296 3336 3553 3596 3597 3605 3705 3717 3820 3911 4093 4223 4258 4275 4416 4487 4497 4736 4928    132 
