162 5640
121 0
131 0
159 0
149 0
53 1
48 2
81 3
104 4
125 5
90 6
125 6
97 7
109 8
52 9
144 10
38 11
92 12
89 12
112 13
57 14
102 15
39 16
154 16
120 16
113 17
49 17
45 18
156 19
70 20
87 21
38 22
124 23
39 24
97 24
49 25
138 26
39 27
48 28
81 29
52 30
143 31
81 31
87 32
45 33
38 34
132 35
104 36
53 36
76 37
128 37
45 38
76 39
115 40
143 41
52 42
119 43
134 43
122 43
81 44
76 45
143 46
89 47
127 48
138 49
104 50
52 51
104 52
123 53
38 54
45 55
97 56
160 57
96 58
92 59
83 60
98 61
132 62
76 63
138 64
52 65
157 66
77 67
58 68
38 69
56 70
62 70
120 70
147 71
84 72
143 73
119 74
86 75
82 75
81 76
76 76
58 77
111 78
154 78
58 79
148 79
71 79
82 79
36 79
92 80
74 81
44 82
122 83
41 84
79 85
142 86
157 87
123 88
115 89
83 89
53 89
132 90
86 91
72 92
90 93
143 94
89 95
42 96
45 97
69 98
50 98
96 98
126 98
101 98
100 98
68 99
65 100
45 101
99 102
77 103
87 104
92 105
142 106
120 107
160 108
38 109
58 110
51 111
67 111
72 112
52 113
76 114
86 115
143 116
97 117
92 118
111 119
144 120
103 120
128 120
76 120
52 121
131 122
92 123
74 124
87 125
107 126
53 127
82 127
48 128
161 129
96 130
52 131
101 132
81 133
70 134
96 134
115 134
97 134
61 134
118 134
62 135
161 136
58 137
64 138
132 139
76 139
41 140
57 140
78 140
153 141
128 142
77 142
45 142
133 142
128 143
92 144
101 144
126 144
89 144
100 144
80 144
97 145
81 146
155 146
101 146
84 147
64 148
99 149
52 150
99 151
102 152
122 153
58 154
78 155
77 156
160 157
47 158
40 159
121 159
69 159
47 159
136 159
91 159
161 159
58 160
41 161
145 162
65 163
121 163
77 164
123 165
76 166
161 167
112 168
128 168
112 169
97 169
58 169
131 170
89 171
103 172
132 173
79 174
76 175
160 176
142 177
131 178
111 179
72 180
53 181
52 182
76 183
123 183
144 184
45 185
52 186
37 186
48 186
79 186
52 187
53 188
61 189
51 189
48 189
79 190
97 191
92 192
142 193
142 194
38 195
49 196
65 197
52 198
52 199
47 200
81 201
90 202
45 202
83 203
92 204
48 205
119 206
134 206
58 207
76 208
52 209
90 210
108 211
143 212
125 213
103 214
83 215
46 215
38 215
142 216
51 217
131 217
159 217
142 218
124 219
106 220
51 220
123 221
132 222
141 223
160 224
89 225
140 226
81 227
52 228
116 229
38 230
41 230
136 231
97 232
158 232
49 233
45 234
71 235
81 235
127 236
160 237
161 237
67 237
140 238
52 239
134 240
135 241
158 241
87 242
123 243
58 244
116 245
141 246
92 247
119 247
143 248
77 249
103 249
133 249
115 250
46 251
58 251
52 252
61 252
58 253
52 254
95 255
114 255
83 256
151 257
90 258
90 259
123 260
119 261
99 262
143 263
103 264
79 264
52 265
157 266
120 267
130 267
36 267
58 267
97 267
44 267
96 267
69 267
125 268
52 269
74 270
142 271
126 272
161 272
123 273
126 274
66 274
62 274
134 274
132 275
49 275
138 276
39 276
160 277
142 278
81 279
83 280
52 281
142 282
77 283
101 284
143 285
55 286
98 286
132 287
76 288
72 289
123 290
127 291
39 292
52 293
97 294
52 295
89 296
58 297
146 298
96 298
79 299
49 299
92 300
103 301
122 302
81 303
128 304
45 304
52 305
121 306
120 306
45 307
143 307
65 308
90 309
83 310
55 310
92 311
56 312
143 313
89 314
38 315
157 316
102 316
45 317
77 318
160 319
150 319
161 319
115 320
53 320
83 320
90 321
45 322
58 322
89 323
72 324
89 325
41 326
38 326
143 327
58 327
141 328
157 329
123 330
143 331
145 332
96 333
123 334
71 334
66 334
156 334
124 334
36 334
89 335
72 336
157 337
64 338
142 338
116 338
115 339
92 340
141 341
142 341
123 341
72 342
160 343
138 344
39 345
87 346
141 347
123 348
92 349
92 350
123 351
65 352
123 353
60 354
72 355
161 356
86 357
120 357
118 358
123 359
97 360
58 361
72 362
41 363
38 363
150 364
36 364
103 364
103 365
127 366
52 367
107 368
81 369
74 370
161 371
143 372
161 373
143 374
78 375
161 376
142 377
134 378
119 378
77 379
132 380
76 381
148 382
123 383
53 383
52 384
52 385
52 386
57 387
123 388
160 389
79 390
52 391
97 392
38 393
87 394
58 394
71 394
71 395
87 396
143 397
52 397
74 398
96 399
113 400
142 401
37 402
90 402
51 402
45 402
52 403
132 404
115 405
132 406
153 407
104 408
52 409
143 410
160 411
123 411
75 412
133 412
78 412
161 412
154 413
146 413
76 414
47 415
49 416
104 417
83 418
113 418
71 418
46 419
107 420
160 421
142 422
105 423
39 424
97 424
89 424
49 425
65 426
77 427
76 428
159 429
39 430
101 431
92 431
143 432
45 433
58 434
83 435
45 436
124 437
51 437
71 437
88 437
156 437
129 437
46 438
142 438
71 439
153 440
45 441
122 442
132 442
145 443
86 443
38 444
74 445
74 446
121 447
161 447
74 448
65 448
45 449
98 450
92 451
119 452
99 453
143 454
160 455
143 456
96 457
49 458
108 459
92 460
115 461
83 461
53 461
71 461
45 462
50 463
109 463
156 463
151 464
92 465
92 466
152 467
38 468
41 468
78 469
62 470
120 471
47 471
45 472
89 473
60 474
123 475
48 476
118 477
76 478
49 479
160 480
87 481
57 482
115 482
39 483
140 484
97 485
123 486
74 487
133 487
51 488
146 489
116 490
64 490
93 491
161 491
74 492
161 493
54 493
111 493
136 493
58 494
52 495
101 496
97 497
140 498
159 499
111 499
131 499
156 499
54 499
156 500
93 500
71 500
79 501
134 502
45 502
70 503
103 504
74 505
138 506
157 507
141 508
71 509
75 509
148 509
58 509
108 509
61 509
78 509
106 509
156 509
36 509
120 510
124 511
115 512
53 513
82 513
45 514
83 515
157 516
107 517
150 518
159 519
159 520
76 520
45 521
98 522
59 522
100 522
78 523
103 523
123 524
47 525
145 526
132 527
38 528
39 529
97 529
129 530
159 530
152 530
139 530
136 530
111 530
74 531
107 532
70 533
145 534
103 535
61 536
45 536
161 537
119 537
134 537
116 538
134 539
101 539
159 539
52 540
48 541
97 542
140 542
107 543
77 543
97 544
107 545
140 546
161 547
119 547
119 548
148 549
38 549
112 550
133 551
121 552
161 552
131 553
161 553
147 554
115 554
58 555
115 556
107 556
41 557
115 557
58 557
106 557
52 558
76 559
48 560
79 561
42 562
160 562
128 563
74 564
141 565
83 566
79 567
134 568
89 569
65 569
138 570
76 571
52 572
123 573
92 574
52 575
158 576
83 577
160 578
107 579
77 579
143 580
129 581
50 581
49 581
89 582
87 583
111 584
141 585
46 586
161 587
45 588
157 589
134 590
38 590
103 591
161 592
126 592
79 593
71 593
86 593
48 594
120 595
141 596
139 597
157 598
160 599
58 600
26 601
28 601
13 601
21 601
4 601
22 601
24 601
92 602
83 603
92 604
136 605
126 606
113 607
147 608
45 609
36 610
78 610
111 610
94 610
148 610
147 610
77 610
52 611
41 612
143 613
89 613
58 613
107 614
65 615
147 616
115 616
84 617
113 617
81 618
89 618
83 619
71 620
53 620
93 620
92 621
71 622
118 622
70 622
52 623
122 624
128 624
92 625
76 626
38 627
39 627
58 627
148 627
38 628
77 629
89 630
92 630
122 631
128 631
71 632
85 632
51 632
58 633
52 634
148 635
49 635
78 636
106 636
71 637
82 637
143 638
132 639
90 640
138 641
90 642
123 643
96 644
52 645
108 646
148 647
136 647
143 648
138 649
52 650
78 651
77 651
161 652
53 653
146 654
93 654
71 654
57 655
52 656
123 657
79 658
142 658
129 659
50 659
67 659
91 659
45 659
137 659
104 660
81 660
155 660
52 661
133 662
71 663
149 664
66 665
156 665
62 665
125 666
70 666
51 667
123 668
138 669
38 670
97 671
115 672
161 673
45 674
45 675
133 675
93 675
78 675
45 676
155 676
123 677
92 678
141 679
103 680
78 680
143 681
124 682
83 683
52 684
134 685
73 686
52 687
101 688
109 689
121 689
66 689
160 689
161 689
62 689
58 690
145 690
89 691
156 692
49 693
38 694
85 695
83 696
92 697
36 698
83 699
59 700
88 700
123 701
148 702
147 702
119 703
56 704
56 705
144 706
116 707
145 708
52 709
134 710
161 710
107 711
106 711
82 711
53 711
104 712
38 713
39 713
47 714
76 715
44 716
46 716
65 717
89 718
52 719
44 720
101 721
52 722
90 722
75 723
123 724
132 724
153 725
136 725
123 726
115 727
89 727
87 727
58 728
48 729
86 730
97 731
73 732
58 733
143 734
141 735
83 736
115 736
86 736
44 736
45 737
74 738
81 739
62 740
81 741
133 742
45 743
142 744
52 745
103 746
97 747
86 748
84 749
70 749
45 750
96 751
76 751
52 752
52 753
52 754
74 755
91 756
119 757
87 758
153 759
74 760
107 761
58 761
56 762
89 763
52 764
97 764
58 764
76 765
52 766
123 767
103 768
128 769
61 770
98 770
40 770
152 770
100 770
104 771
58 772
38 772
39 773
79 774
147 775
141 775
107 776
104 777
141 777
45 778
58 779
97 779
52 780
45 781
45 782
145 783
96 783
52 784
160 785
49 786
132 787
108 788
77 788
157 789
86 789
140 789
81 790
141 790
45 791
156 792
111 792
55 792
47 792
83 793
86 793
85 793
38 794
41 794
143 795
160 796
107 797
81 798
115 798
39 799
41 800
38 800
150 801
41 802
42 803
77 804
45 805
52 806
52 807
58 808
138 809
85 810
73 811
52 812
86 813
119 814
45 814
58 815
153 816
87 816
53 817
86 817
41 818
44 819
58 819
48 820
148 821
85 821
53 821
124 821
82 821
123 822
140 822
98 823
52 824
133 825
45 826
140 827
106 828
113 828
143 829
84 830
42 830
143 831
123 832
132 833
39 834
38 834
160 835
52 836
115 837
49 838
160 839
92 840
115 841
146 842
74 842
107 843
138 844
52 845
132 846
159 847
156 848
70 848
82 848
123 849
89 850
71 850
128 851
101 852
159 853
121 853
131 853
92 853
105 853
97 854
142 855
105 855
83 856
70 857
118 857
147 857
58 858
89 859
81 860
157 861
134 862
119 862
132 863
81 864
49 865
75 865
58 865
89 866
161 867
47 867
120 867
119 868
96 869
84 869
106 869
67 870
74 871
38 872
148 872
92 873
140 874
58 875
76 876
65 877
90 878
63 879
58 880
97 880
142 881
52 882
38 883
141 884
97 885
141 886
2 887
58 887
58 888
76 889
143 890
123 891
52 892
122 893
39 894
38 894
89 895
52 896
119 897
134 897
100 897
74 898
47 898
78 898
120 899
76 900
158 901
95 902
114 902
125 902
148 902
57 903
120 904
125 905
138 906
49 907
85 908
57 909
111 909
92 910
101 910
72 911
52 912
161 913
45 914
46 915
136 916
76 917
141 918
97 919
112 920
46 921
86 922
75 923
75 924
60 924
56 924
48 925
58 926
89 926
119 927
97 928
140 929
78 930
97 930
108 930
147 930
78 931
76 932
38 933
97 934
97 935
147 936
157 937
121 938
92 938
52 939
45 940
49 941
160 942
141 943
46 943
96 944
75 944
49 945
68 945
76 945
39 945
90 946
143 946
147 947
44 948
104 948
58 949
107 950
143 951
52 952
153 953
74 954
128 955
92 956
63 957
133 958
161 958
53 959
52 960
70 961
115 962
82 963
148 963
52 964
74 965
52 966
104 967
115 968
147 968
52 969
52 970
52 971
142 972
143 973
89 974
38 974
99 975
52 976
161 977
73 978
47 978
58 979
47 980
52 981
86 982
120 982
82 982
92 983
90 984
76 985
67 986
88 987
86 987
144 987
141 988
77 989
153 990
76 991
123 992
58 993
72 994
70 995
156 995
71 995
55 995
135 995
111 995
118 995
107 996
143 997
52 997
143 998
142 999
123 1000
39 1001
52 1001
119 1002
128 1003
47 1004
78 1005
92 1006
71 1007
130 1007
158 1007
160 1008
141 1009
122 1010
142 1011
73 1012
121 1012
45 1013
92 1014
141 1014
160 1015
67 1015
37 1016
54 1016
161 1016
159 1016
80 1016
138 1017
161 1018
67 1018
104 1019
97 1019
49 1020
138 1020
45 1021
140 1021
92 1022
133 1023
49 1024
143 1025
92 1026
58 1027
124 1028
122 1028
159 1028
41 1029
125 1030
38 1031
38 1032
92 1032
51 1033
122 1034
108 1035
74 1036
62 1036
89 1036
56 1037
52 1038
81 1039
133 1040
65 1040
128 1040
132 1041
122 1041
52 1042
38 1043
121 1044
58 1045
122 1046
120 1046
45 1046
144 1047
74 1048
38 1049
82 1050
127 1050
83 1050
144 1051
147 1052
97 1052
61 1053
90 1054
143 1055
158 1056
109 1056
52 1057
52 1058
134 1059
107 1060
97 1061
96 1062
38 1063
92 1063
111 1064
46 1065
128 1066
45 1066
133 1066
38 1067
97 1067
87 1068
52 1069
113 1070
108 1071
44 1071
115 1071
119 1072
160 1073
120 1074
161 1075
65 1076
92 1077
120 1078
146 1078
36 1079
89 1079
157 1080
44 1081
157 1082
143 1083
58 1084
161 1085
67 1085
73 1086
157 1087
102 1088
115 1088
77 1089
107 1090
123 1090
138 1091
124 1092
97 1093
97 1094
123 1095
138 1096
111 1097
129 1097
135 1098
141 1099
38 1100
41 1100
160 1101
76 1102
73 1103
92 1104
38 1105
82 1106
77 1106
97 1107
132 1108
78 1109
92 1110
56 1111
74 1111
145 1111
41 1112
90 1113
53 1114
92 1115
58 1116
132 1117
133 1118
121 1118
119 1119
38 1120
111 1121
133 1121
105 1122
104 1123
52 1124
46 1125
58 1125
72 1126
79 1127
83 1128
128 1129
45 1129
133 1129
58 1130
76 1131
66 1132
139 1133
83 1134
134 1135
47 1136
96 1137
78 1137
138 1138
86 1139
45 1140
89 1141
143 1142
115 1143
140 1144
119 1145
121 1145
137 1145
134 1145
156 1145
61 1145
56 1145
89 1146
71 1147
158 1147
111 1147
56 1148
143 1149
161 1149
102 1150
58 1151
52 1152
78 1153
125 1153
89 1154
76 1155
76 1156
128 1157
131 1158
83 1159
61 1159
38 1159
79 1160
155 1160
38 1160
111 1161
51 1162
122 1162
113 1163
119 1164
38 1164
49 1165
138 1166
160 1167
81 1168
123 1169
107 1170
133 1171
52 1172
158 1173
73 1173
81 1173
66 1174
142 1175
90 1176
83 1177
71 1177
143 1178
83 1179
49 1180
143 1181
101 1182
161 1183
67 1183
89 1184
52 1185
38 1186
45 1187
133 1188
52 1189
122 1190
52 1191
123 1192
62 1193
49 1193
97 1194
147 1194
101 1195
138 1196
48 1197
143 1197
141 1197
145 1198
140 1199
156 1200
66 1200
135 1200
56 1200
126 1200
92 1201
141 1202
160 1203
103 1204
132 1205
45 1206
72 1207
52 1208
81 1209
52 1210
47 1211
45 1212
123 1213
143 1214
83 1215
102 1216
108 1217
143 1218
86 1219
49 1219
79 1219
161 1220
56 1220
135 1221
76 1222
83 1223
77 1224
103 1225
147 1226
107 1226
143 1227
58 1228
45 1229
143 1229
82 1230
92 1231
141 1232
83 1233
47 1234
123 1235
104 1236
94 1237
53 1238
97 1239
52 1240
111 1241
78 1241
161 1242
155 1243
74 1244
79 1245
140 1246
142 1247
119 1247
71 1248
121 1248
161 1248
141 1249
87 1250
86 1251
84 1251
89 1252
140 1253
123 1254
90 1255
65 1256
51 1256
107 1257
97 1258
39 1258
96 1259
120 1259
82 1259
71 1260
54 1261
62 1262
127 1263
47 1264
132 1265
141 1266
143 1267
160 1268
111 1268
131 1268
136 1268
161 1268
98 1268
50 1268
74 1269
52 1270
39 1271
52 1271
77 1272
160 1273
112 1274
97 1274
132 1274
147 1274
160 1275
140 1276
161 1276
83 1277
97 1278
52 1279
52 1280
26 1281
21 1281
22 1281
13 1281
6 1281
24 1281
4 1281
121 1282
47 1282
161 1283
138 1284
128 1284
92 1284
107 1285
68 1286
66 1286
138 1287
103 1288
73 1289
86 1290
52 1291
159 1292
90 1293
45 1294
52 1295
130 1296
133 1297
52 1298
3 1299
26 1299
54 1300
96 1300
41 1301
38 1301
50 1302
80 1302
124 1303
133 1303
93 1304
92 1305
49 1306
92 1307
38 1307
90 1308
145 1309
65 1310
142 1311
76 1311
160 1312
133 1313
138 1314
45 1315
87 1316
100 1317
149 1317
122 1318
120 1318
119 1319
71 1320
115 1320
63 1321
160 1322
161 1322
160 1323
52 1324
121 1325
92 1325
97 1326
157 1327
123 1328
52 1329
141 1330
105 1331
100 1332
51 1332
103 1332
77 1333
154 1334
48 1335
160 1336
140 1337
100 1338
123 1339
160 1340
92 1341
38 1342
41 1342
58 1343
96 1343
92 1344
58 1344
89 1345
70 1346
161 1347
58 1348
52 1349
10 1350
30 1350
35 1350
1 1350
8 1350
34 1350
47 1351
52 1352
157 1353
57 1354
39 1354
92 1355
107 1356
131 1357
71 1358
128 1359
76 1359
121 1359
104 1360
45 1361
98 1362
115 1363
141 1364
51 1365
103 1365
80 1365
147 1366
113 1367
133 1367
87 1368
160 1369
142 1370
56 1371
142 1372
44 1373
153 1374
49 1375
78 1375
146 1375
159 1376
42 1376
54 1376
52 1377
49 1378
81 1379
90 1380
104 1381
86 1382
71 1382
51 1382
74 1382
21 1383
0 1383
16 1383
19 1383
31 1383
30 1383
73 1384
89 1384
89 1385
120 1386
156 1386
79 1387
52 1388
41 1389
140 1390
138 1391
96 1391
65 1391
143 1392
160 1393
143 1394
45 1394
49 1395
143 1396
89 1397
49 1398
56 1398
74 1398
45 1399
49 1400
52 1401
53 1402
86 1402
143 1403
104 1404
121 1405
123 1406
58 1407
123 1408
122 1409
56 1410
133 1411
161 1412
47 1413
77 1413
79 1414
133 1414
128 1414
52 1415
90 1416
97 1417
73 1418
161 1419
74 1420
134 1421
92 1422
58 1422
47 1423
103 1424
89 1425
161 1426
161 1427
132 1428
38 1429
56 1430
74 1430
134 1431
161 1431
139 1432
98 1432
156 1432
39 1433
104 1433
157 1434
140 1434
143 1435
38 1436
58 1436
74 1437
77 1438
78 1438
86 1438
115 1438
39 1438
142 1439
119 1439
161 1440
65 1441
49 1441
133 1441
145 1442
90 1443
47 1444
45 1445
123 1446
71 1447
45 1448
155 1448
58 1449
57 1449
60 1449
104 1450
60 1451
60 1452
54 1453
36 1453
98 1453
93 1453
48 1454
45 1455
70 1456
82 1456
96 1456
71 1456
90 1457
52 1457
116 1458
141 1459
155 1460
143 1461
156 1462
50 1462
154 1462
139 1462
69 1462
113 1463
133 1463
140 1464
49 1465
62 1466
66 1466
111 1466
129 1466
139 1466
46 1467
58 1468
141 1469
79 1470
133 1470
161 1470
92 1471
81 1471
76 1472
78 1472
52 1473
120 1474
45 1475
86 1476
143 1477
47 1478
155 1479
104 1480
38 1480
97 1481
161 1482
119 1482
134 1482
87 1483
133 1484
161 1484
62 1485
41 1486
160 1487
97 1488
135 1488
159 1489
78 1490
45 1491
105 1492
90 1493
126 1494
93 1494
49 1494
52 1495
89 1496
92 1497
58 1498
52 1499
61 1499
143 1499
143 1500
143 1501
83 1502
145 1503
104 1504
133 1505
108 1506
127 1506
52 1507
133 1508
77 1509
104 1510
146 1511
92 1512
119 1513
60 1513
58 1514
96 1515
58 1515
97 1516
38 1517
97 1517
143 1518
160 1519
91 1519
44 1520
104 1520
123 1521
103 1522
84 1522
142 1523
41 1524
38 1525
142 1526
70 1527
148 1527
55 1528
141 1529
153 1530
62 1531
126 1531
156 1531
49 1531
141 1532
91 1533
159 1533
152 1533
52 1534
47 1535
161 1536
92 1537
123 1538
39 1539
123 1540
101 1541
52 1542
90 1543
39 1544
141 1545
41 1546
74 1547
136 1548
47 1548
109 1548
40 1548
52 1549
89 1550
49 1551
97 1552
38 1553
52 1554
47 1555
64 1556
52 1557
97 1558
143 1559
48 1559
97 1560
89 1560
104 1560
129 1561
138 1562
52 1563
103 1564
76 1565
53 1566
61 1567
74 1568
130 1569
86 1569
54 1569
38 1570
159 1571
47 1572
115 1573
52 1574
82 1575
71 1575
96 1575
150 1576
52 1577
52 1578
72 1579
161 1580
58 1581
97 1582
138 1583
119 1584
45 1584
79 1585
122 1586
104 1587
141 1588
157 1589
147 1590
74 1591
52 1592
65 1593
95 1593
114 1593
148 1593
102 1594
77 1595
52 1596
142 1597
58 1598
70 1599
89 1600
123 1601
46 1602
143 1603
52 1603
38 1604
92 1604
143 1605
72 1606
81 1607
41 1608
109 1609
161 1610
89 1611
104 1611
77 1612
142 1613
52 1614
41 1615
53 1616
45 1617
130 1618
119 1618
150 1619
54 1620
45 1621
147 1622
148 1622
107 1623
87 1624
113 1625
123 1626
58 1626
143 1627
52 1628
76 1629
123 1630
89 1631
74 1632
142 1633
102 1634
90 1635
128 1636
161 1637
145 1638
58 1638
124 1639
147 1640
133 1641
78 1641
143 1642
82 1643
53 1643
71 1643
52 1644
143 1645
49 1646
45 1647
52 1648
90 1648
157 1649
104 1650
52 1651
90 1651
143 1652
38 1653
52 1654
82 1655
93 1655
96 1655
49 1656
148 1656
54 1657
146 1657
158 1658
86 1658
49 1659
78 1660
160 1661
132 1662
128 1663
45 1664
97 1665
89 1665
147 1666
97 1667
122 1668
45 1669
157 1670
52 1671
104 1672
48 1673
138 1674
88 1675
125 1675
118 1675
75 1675
97 1676
44 1676
161 1677
44 1678
52 1679
89 1680
90 1681
161 1682
96 1683
128 1683
38 1684
155 1684
41 1684
45 1685
115 1686
52 1687
44 1688
72 1688
77 1689
122 1690
159 1691
65 1692
74 1692
123 1693
38 1694
39 1694
143 1695
160 1696
160 1697
81 1698
111 1699
58 1699
112 1700
123 1701
51 1701
133 1702
142 1703
72 1704
46 1704
141 1705
141 1706
141 1707
62 1708
139 1708
136 1708
47 1708
38 1709
97 1710
72 1711
77 1712
143 1713
78 1714
115 1715
102 1715
140 1716
38 1717
47 1718
76 1718
105 1719
76 1720
58 1721
134 1722
158 1723
79 1723
135 1724
89 1725
140 1726
101 1727
141 1728
45 1729
79 1730
142 1731
97 1732
132 1733
128 1734
81 1735
104 1736
92 1737
46 1738
129 1739
68 1740
77 1740
161 1741
44 1742
128 1743
96 1744
52 1745
44 1746
118 1746
52 1747
45 1748
159 1749
161 1749
160 1749
134 1749
52 1750
160 1751
123 1752
161 1753
72 1754
52 1755
113 1756
131 1757
161 1757
148 1758
38 1758
39 1758
52 1759
38 1760
77 1761
161 1762
133 1763
124 1763
38 1764
101 1765
90 1766
144 1767
92 1768
39 1769
106 1769
81 1769
92 1770
56 1770
83 1771
82 1772
70 1772
46 1773
45 1774
142 1775
151 1776
123 1777
77 1778
84 1779
104 1780
42 1781
132 1782
76 1782
134 1783
121 1783
152 1783
159 1783
71 1784
36 1785
98 1785
50 1785
103 1786
149 1787
49 1788
120 1788
79 1788
103 1788
101 1789
82 1790
96 1790
38 1791
41 1791
86 1792
53 1792
99 1793
87 1794
74 1795
113 1795
143 1796
123 1797
119 1798
135 1798
38 1799
41 1799
154 1800
61 1800
87 1801
47 1802
92 1803
141 1804
70 1805
81 1806
81 1807
48 1808
39 1809
52 1809
97 1810
161 1811
145 1811
120 1812
62 1813
149 1813
66 1813
102 1814
157 1815
39 1816
104 1817
58 1818
77 1819
161 1820
71 1821
90 1822
97 1823
140 1824
101 1825
49 1826
45 1827
134 1828
52 1829
38 1830
52 1831
143 1832
145 1833
39 1833
52 1833
52 1834
73 1835
87 1836
153 1836
137 1837
45 1837
157 1838
52 1839
52 1840
145 1841
120 1841
71 1842
118 1842
45 1843
92 1844
143 1845
93 1846
92 1846
100 1847
156 1847
62 1847
66 1847
52 1848
49 1849
160 1850
141 1851
82 1852
52 1853
80 1854
50 1854
41 1855
141 1856
38 1857
97 1858
44 1858
56 1859
48 1860
38 1861
115 1862
53 1863
103 1864
132 1865
127 1866
115 1866
44 1867
115 1868
83 1868
132 1868
138 1868
49 1868
145 1869
112 1870
142 1870
64 1871
47 1872
58 1873
41 1873
57 1873
141 1874
93 1875
152 1875
128 1875
159 1875
129 1875
111 1875
91 1875
128 1876
58 1876
38 1877
41 1877
134 1878
90 1879
79 1880
134 1881
71 1882
87 1883
121 1884
128 1884
143 1885
113 1886
160 1887
81 1888
140 1888
124 1888
50 1888
88 1888
67 1889
52 1890
42 1891
103 1891
98 1892
38 1892
157 1893
96 1894
49 1894
104 1895
123 1896
143 1897
161 1898
123 1899
143 1900
58 1901
96 1901
52 1902
133 1903
113 1903
52 1904
47 1905
95 1905
118 1906
141 1907
92 1908
76 1909
54 1910
161 1910
100 1911
89 1912
98 1913
52 1914
86 1915
45 1916
81 1917
70 1918
84 1918
71 1919
83 1919
56 1920
89 1921
93 1922
107 1923
86 1924
156 1924
101 1925
143 1926
72 1927
112 1928
119 1929
141 1929
160 1930
160 1931
58 1932
71 1933
128 1934
76 1935
50 1936
41 1936
140 1937
52 1938
79 1939
102 1940
97 1941
160 1942
52 1943
103 1944
89 1945
130 1946
144 1946
71 1947
104 1948
92 1949
48 1949
73 1950
144 1950
52 1951
10 1952
29 1952
8 1952
32 1952
25 1952
1 1952
24 1952
123 1953
45 1954
54 1954
60 1954
79 1955
150 1956
161 1957
161 1958
96 1958
121 1958
45 1959
53 1960
81 1961
46 1962
98 1962
53 1963
81 1964
52 1965
54 1966
96 1966
108 1966
106 1966
36 1966
84 1967
161 1968
103 1968
119 1969
66 1969
98 1969
103 1970
52 1971
152 1972
136 1972
62 1972
47 1972
45 1973
89 1974
146 1975
138 1975
52 1976
133 1977
92 1978
100 1978
76 1979
107 1980
97 1981
113 1982
58 1982
45 1982
41 1983
38 1983
89 1984
41 1985
52 1986
52 1987
161 1988
160 1988
123 1988
133 1989
107 1990
97 1991
148 1992
94 1992
75 1993
123 1994
161 1995
41 1996
41 1997
141 1998
84 1999
143 2000
101 2001
50 2002
65 2002
150 2002
94 2002
157 2003
86 2004
79 2004
104 2005
49 2006
79 2007
75 2007
99 2008
92 2009
132 2010
76 2010
118 2011
116 2012
89 2013
142 2014
52 2015
145 2016
107 2017
161 2018
46 2018
52 2019
78 2020
39 2020
101 2021
128 2021
83 2022
83 2023
86 2023
47 2024
120 2024
133 2025
56 2026
161 2026
96 2027
58 2027
76 2028
52 2029
119 2030
126 2030
52 2031
40 2032
61 2032
137 2032
45 2032
159 2033
81 2034
74 2035
53 2035
72 2036
38 2037
104 2037
135 2037
92 2037
58 2037
122 2038
138 2039
38 2040
58 2041
45 2041
134 2042
58 2043
120 2044
96 2044
119 2045
92 2046
86 2047
96 2047
82 2047
103 2047
49 2048
82 2049
86 2049
127 2049
92 2050
120 2051
161 2052
132 2053
142 2054
45 2055
156 2056
154 2056
130 2056
141 2057
123 2058
134 2059
134 2060
161 2060
118 2061
160 2062
87 2063
160 2064
143 2065
82 2066
127 2066
115 2067
58 2068
44 2069
122 2070
123 2071
160 2072
161 2072
78 2073
147 2074
120 2075
138 2075
14 2076
160 2077
46 2077
104 2078
89 2078
56 2079
155 2080
157 2081
160 2082
140 2083
52 2084
157 2085
145 2086
76 2087
74 2088
161 2089
52 2090
84 2091
125 2091
128 2092
132 2093
141 2094
77 2095
58 2096
92 2096
89 2097
130 2098
134 2098
83 2098
113 2099
39 2100
89 2101
60 2102
79 2102
57 2102
49 2103
138 2103
41 2104
77 2105
148 2105
118 2105
128 2106
49 2107
120 2108
58 2109
52 2109
160 2110
161 2110
97 2111
87 2112
45 2113
81 2114
115 2115
97 2115
53 2115
127 2116
77 2117
104 2118
161 2119
45 2120
92 2121
70 2122
143 2123
128 2124
159 2125
58 2126
52 2127
83 2128
52 2129
124 2130
70 2131
143 2132
41 2133
62 2134
142 2135
52 2136
52 2137
41 2138
92 2139
142 2140
161 2141
52 2142
128 2143
145 2144
140 2145
58 2146
92 2147
161 2148
112 2149
160 2149
132 2150
142 2151
76 2152
101 2153
100 2153
159 2153
40 2153
76 2153
143 2154
159 2155
52 2156
51 2157
92 2158
137 2158
82 2159
94 2159
106 2159
126 2160
96 2161
58 2161
58 2162
92 2162
79 2162
71 2162
79 2163
58 2164
41 2165
38 2165
119 2166
148 2167
82 2167
141 2168
106 2169
146 2169
128 2170
143 2171
45 2172
41 2173
56 2174
53 2175
96 2175
70 2175
39 2176
52 2177
70 2178
46 2179
70 2180
160 2181
161 2181
87 2182
58 2183
39 2184
45 2185
56 2186
52 2187
135 2188
39 2188
38 2188
86 2189
138 2190
97 2191
107 2192
123 2193
52 2194
127 2195
41 2196
71 2197
82 2197
86 2197
90 2198
63 2199
45 2200
141 2201
45 2202
122 2203
45 2204
77 2205
69 2206
122 2206
159 2206
73 2207
134 2208
122 2208
115 2209
52 2210
119 2211
72 2212
46 2212
97 2212
44 2212
161 2213
126 2213
133 2214
45 2214
128 2214
41 2214
52 2215
58 2215
134 2216
58 2216
160 2217
101 2218
70 2219
156 2220
139 2220
91 2220
47 2220
58 2221
147 2221
72 2221
93 2222
140 2223
122 2224
161 2224
119 2225
45 2225
102 2226
86 2227
84 2227
55 2228
72 2228
47 2229
120 2229
72 2230
97 2231
72 2232
141 2233
83 2234
74 2234
141 2235
104 2236
56 2237
50 2237
52 2238
161 2239
92 2240
52 2241
140 2242
135 2243
161 2244
58 2245
141 2246
75 2247
45 2248
52 2249
56 2250
101 2251
52 2252
141 2253
93 2254
69 2254
49 2254
156 2254
121 2255
161 2255
89 2256
135 2256
76 2257
122 2257
157 2258
161 2259
82 2260
57 2261
101 2262
122 2263
135 2264
92 2265
58 2265
92 2266
49 2267
97 2268
118 2268
127 2269
92 2270
79 2271
45 2272
143 2273
45 2274
58 2275
79 2276
73 2277
39 2278
150 2279
47 2280
122 2281
101 2282
76 2283
54 2284
52 2285
52 2286
101 2287
92 2287
122 2288
83 2289
119 2290
126 2291
49 2292
143 2293
98 2294
156 2294
140 2294
104 2295
123 2296
81 2297
122 2298
45 2298
90 2299
143 2300
113 2301
45 2301
86 2302
96 2302
138 2302
77 2303
78 2303
111 2303
111 2304
161 2305
158 2306
77 2307
134 2308
56 2308
123 2308
157 2309
111 2310
157 2311
125 2312
141 2313
108 2314
58 2314
37 2314
51 2314
59 2314
115 2315
132 2316
49 2317
145 2318
132 2319
141 2320
57 2320
71 2321
92 2321
81 2322
56 2323
156 2323
75 2324
62 2325
133 2325
113 2325
52 2326
58 2327
45 2328
96 2329
74 2329
83 2330
115 2330
77 2331
58 2332
81 2333
123 2333
48 2334
115 2335
45 2336
122 2337
60 2338
57 2339
153 2340
120 2340
133 2340
159 2341
161 2342
160 2342
40 2343
123 2344
109 2345
56 2346
45 2347
125 2348
45 2349
97 2350
147 2350
52 2351
80 2351
71 2352
52 2353
75 2354
111 2355
99 2355
66 2355
62 2355
141 2356
45 2357
111 2358
52 2359
98 2360
98 2361
111 2361
136 2361
152 2361
97 2362
52 2363
53 2363
115 2363
52 2364
141 2365
46 2365
142 2366
136 2367
156 2368
145 2368
153 2368
161 2369
83 2369
50 2370
71 2370
124 2370
148 2370
154 2371
52 2372
42 2373
103 2373
106 2373
58 2374
49 2375
133 2375
128 2375
46 2376
89 2377
104 2378
92 2379
81 2380
47 2381
58 2382
88 2383
71 2383
161 2384
44 2385
79 2386
83 2387
57 2388
96 2388
58 2388
82 2389
96 2389
86 2389
106 2389
140 2390
116 2390
52 2391
141 2392
129 2393
143 2394
101 2395
159 2395
58 2396
79 2397
145 2398
136 2399
139 2399
88 2399
69 2399
49 2400
103 2401
92 2402
111 2402
154 2403
130 2403
73 2404
76 2404
52 2405
52 2406
81 2406
123 2407
143 2408
44 2409
99 2410
90 2411
153 2412
92 2413
115 2414
103 2415
92 2416
115 2417
89 2418
121 2419
72 2420
77 2421
56 2422
68 2423
76 2424
45 2425
56 2425
89 2425
123 2426
121 2427
157 2428
104 2429
153 2430
52 2431
89 2432
143 2433
47 2434
74 2435
103 2436
39 2437
73 2438
115 2439
123 2440
154 2441
66 2442
62 2442
124 2443
153 2444
146 2445
100 2446
101 2446
129 2446
121 2446
139 2446
103 2447
96 2447
158 2448
140 2449
89 2450
51 2451
152 2451
40 2451
100 2451
158 2452
132 2453
45 2454
135 2455
92 2456
90 2456
89 2457
87 2458
65 2459
143 2460
143 2461
52 2461
70 2462
142 2463
52 2464
76 2465
92 2465
73 2466
161 2467
131 2467
48 2468
88 2469
73 2469
91 2469
97 2470
70 2471
136 2471
53 2472
73 2473
53 2474
85 2474
142 2475
45 2476
138 2477
97 2478
78 2479
77 2480
49 2481
74 2481
89 2482
93 2483
53 2484
107 2485
86 2486
71 2486
68 2487
76 2488
57 2489
145 2489
96 2490
128 2491
133 2491
115 2492
89 2493
52 2494
115 2495
71 2496
69 2497
121 2498
80 2498
159 2498
139 2498
45 2499
142 2500
102 2501
52 2502
70 2503
82 2504
118 2505
147 2505
143 2506
111 2507
157 2508
92 2509
57 2510
76 2511
140 2512
49 2513
132 2514
81 2515
143 2516
143 2517
92 2518
109 2519
38 2520
42 2521
115 2522
81 2523
123 2523
58 2524
121 2525
89 2526
83 2527
104 2527
160 2528
99 2529
52 2530
155 2531
152 2532
161 2532
67 2532
144 2533
119 2534
118 2535
53 2535
83 2535
70 2536
52 2537
132 2538
90 2539
143 2539
52 2540
53 2541
83 2541
141 2542
123 2543
93 2543
81 2544
58 2545
161 2546
38 2547
86 2548
126 2549
44 2550
48 2551
90 2551
123 2552
124 2553
145 2553
161 2554
142 2555
104 2556
52 2557
81 2558
104 2558
143 2559
103 2560
108 2561
29 2562
26 2562
5 2562
12 2562
9 2562
3 2562
19 2562
71 2563
143 2564
41 2565
87 2566
145 2567
58 2568
102 2569
133 2570
161 2571
143 2572
51 2573
150 2573
124 2573
92 2574
104 2575
39 2576
52 2577
87 2578
42 2579
161 2580
154 2580
58 2581
132 2582
140 2583
38 2584
120 2584
138 2585
81 2585
45 2586
107 2587
96 2588
71 2588
120 2588
58 2588
58 2589
147 2590
92 2591
52 2592
97 2593
153 2594
111 2595
42 2596
161 2597
78 2598
67 2599
91 2600
159 2600
139 2600
66 2600
152 2600
76 2601
65 2602
133 2602
128 2602
74 2603
65 2604
121 2605
52 2606
128 2607
122 2607
133 2607
138 2608
158 2609
79 2610
75 2610
71 2611
118 2612
106 2612
123 2613
145 2614
58 2615
71 2616
86 2616
53 2616
86 2617
61 2617
36 2617
129 2618
111 2618
152 2618
122 2618
47 2618
57 2619
133 2620
79 2620
111 2620
52 2621
87 2622
53 2623
133 2624
52 2625
50 2626
78 2627
52 2628
52 2629
106 2630
153 2630
104 2631
160 2632
52 2633
52 2634
107 2635
37 2636
41 2636
131 2637
83 2638
97 2639
143 2640
141 2641
115 2642
86 2642
96 2643
125 2643
103 2644
144 2644
72 2645
39 2646
97 2647
74 2648
138 2648
38 2649
71 2650
82 2650
142 2651
115 2652
142 2653
49 2654
60 2655
82 2656
72 2657
89 2658
52 2659
134 2660
134 2661
141 2662
143 2663
87 2664
57 2665
108 2666
52 2667
58 2668
81 2669
39 2670
138 2671
138 2672
58 2673
89 2674
97 2675
142 2676
143 2677
141 2678
115 2679
45 2680
119 2681
143 2682
142 2683
103 2684
89 2685
92 2686
91 2687
129 2687
109 2687
58 2688
38 2689
70 2690
108 2691
138 2692
83 2693
143 2694
38 2695
110 2696
161 2696
49 2697
148 2697
96 2697
113 2698
58 2699
71 2700
70 2700
148 2700
89 2701
45 2702
61 2703
41 2703
107 2704
161 2705
159 2706
99 2706
126 2706
157 2707
70 2708
101 2709
107 2710
123 2711
65 2711
74 2712
128 2713
124 2713
141 2714
58 2715
142 2716
83 2717
141 2718
144 2719
73 2720
127 2721
92 2722
127 2723
75 2724
65 2725
67 2726
79 2727
134 2727
124 2728
154 2729
89 2730
123 2731
161 2732
126 2732
67 2733
161 2733
156 2734
99 2734
143 2735
96 2736
111 2737
141 2738
109 2739
126 2740
62 2740
71 2741
52 2742
122 2743
52 2744
57 2745
96 2745
123 2746
136 2747
74 2747
120 2748
104 2749
133 2750
96 2751
86 2752
41 2753
141 2754
79 2755
99 2756
140 2757
138 2758
73 2759
143 2760
58 2761
140 2762
106 2762
161 2763
148 2764
70 2764
85 2764
53 2764
82 2764
71 2764
96 2764
77 2765
97 2765
98 2766
83 2767
115 2767
90 2768
92 2769
38 2769
161 2770
67 2770
83 2771
148 2772
77 2773
160 2774
73 2775
53 2776
133 2777
140 2777
159 2777
121 2777
152 2777
124 2777
67 2778
100 2779
91 2779
129 2779
39 2780
52 2781
130 2782
86 2783
71 2783
148 2783
44 2784
45 2785
83 2786
115 2786
98 2787
58 2788
111 2789
121 2790
81 2791
52 2792
92 2793
58 2793
59 2794
124 2794
45 2794
80 2794
137 2794
104 2795
140 2795
71 2796
137 2797
91 2797
111 2797
141 2798
58 2798
53 2798
126 2799
14 2800
155 2800
74 2801
126 2801
132 2802
134 2803
97 2804
89 2805
81 2806
52 2807
77 2808
46 2809
130 2809
97 2810
103 2811
90 2812
139 2813
152 2813
140 2813
48 2814
143 2814
81 2815
101 2816
160 2817
131 2818
143 2819
105 2820
143 2821
161 2822
121 2823
91 2823
161 2823
159 2823
58 2824
160 2825
142 2826
128 2827
74 2827
133 2827
142 2828
140 2829
159 2830
129 2830
40 2830
127 2831
123 2832
92 2833
38 2833
52 2834
44 2835
123 2836
103 2837
133 2838
161 2838
128 2839
45 2840
97 2841
123 2841
71 2842
127 2842
86 2842
107 2843
92 2844
89 2844
120 2845
96 2845
141 2846
39 2847
48 2848
52 2848
99 2848
124 2849
41 2850
52 2851
120 2852
92 2853
56 2854
47 2855
81 2856
58 2856
46 2856
121 2857
82 2858
71 2858
45 2859
152 2860
67 2861
161 2861
160 2862
97 2863
81 2864
100 2865
65 2866
11 2867
21 2867
40 2868
149 2868
92 2868
79 2868
51 2868
45 2869
141 2870
64 2871
146 2871
145 2872
160 2873
112 2874
45 2875
159 2876
91 2876
101 2876
158 2876
100 2876
71 2877
65 2878
52 2878
52 2879
52 2880
90 2881
96 2882
117 2883
97 2883
39 2884
67 2885
161 2885
41 2886
138 2887
101 2888
90 2889
52 2890
92 2891
126 2892
160 2893
123 2893
71 2894
159 2895
123 2896
52 2897
141 2898
107 2899
38 2900
41 2900
45 2901
147 2902
115 2903
97 2904
52 2905
61 2906
138 2907
145 2908
72 2908
71 2909
101 2910
121 2911
61 2911
91 2912
97 2913
92 2914
45 2915
103 2916
142 2917
76 2918
115 2919
71 2920
97 2921
78 2921
108 2921
89 2922
92 2923
52 2924
64 2925
144 2926
50 2927
36 2927
156 2927
113 2928
102 2929
143 2930
81 2930
64 2931
45 2932
113 2933
83 2934
52 2935
100 2936
101 2937
57 2938
58 2938
74 2939
83 2940
143 2941
106 2942
74 2942
56 2943
147 2944
128 2945
47 2946
101 2947
92 2947
60 2947
92 2948
42 2949
53 2950
148 2950
96 2950
41 2951
38 2951
142 2952
107 2953
143 2954
123 2955
133 2956
108 2957
144 2957
52 2958
52 2959
145 2960
115 2961
161 2962
142 2963
71 2964
92 2965
89 2965
122 2966
89 2967
68 2968
89 2968
96 2968
57 2968
107 2969
115 2969
123 2969
57 2970
38 2971
39 2972
38 2972
143 2973
146 2974
138 2974
84 2975
93 2975
116 2976
52 2977
44 2978
46 2978
103 2979
53 2980
74 2981
161 2981
58 2982
70 2983
71 2983
138 2984
70 2985
52 2986
122 2987
97 2988
115 2988
81 2989
147 2990
115 2991
138 2992
70 2993
45 2994
81 2995
103 2996
80 2996
52 2997
143 2998
123 2999
52 3000
107 3001
122 3002
113 3003
71 3004
157 3005
161 3006
131 3006
39 3006
58 3007
141 3008
65 3009
104 3010
87 3011
51 3012
62 3012
142 3013
90 3013
92 3013
141 3014
64 3015
86 3016
45 3017
74 3018
53 3018
96 3019
75 3019
46 3020
83 3021
145 3022
92 3023
134 3024
101 3025
142 3026
148 3027
81 3027
96 3027
104 3027
86 3028
122 3029
101 3030
75 3030
45 3031
81 3032
82 3033
145 3033
86 3033
96 3033
18 3034
141 3035
107 3036
92 3037
160 3038
87 3039
38 3040
92 3041
122 3042
57 3043
105 3043
142 3043
98 3044
105 3045
54 3046
106 3046
146 3046
58 3047
96 3047
81 3048
52 3049
115 3050
104 3051
41 3052
127 3053
87 3054
58 3055
49 3056
52 3057
53 3058
90 3059
155 3060
101 3060
38 3061
52 3062
123 3063
124 3064
103 3065
58 3066
104 3067
92 3067
93 3067
41 3068
89 3068
76 3069
142 3070
49 3071
154 3072
52 3073
43 3074
159 3075
90 3076
58 3077
92 3077
98 3078
137 3078
44 3079
70 3079
45 3080
81 3081
52 3081
103 3082
93 3082
148 3083
71 3083
49 3084
97 3085
138 3085
107 3086
143 3087
97 3088
151 3089
126 3089
149 3089
102 3090
81 3091
119 3092
135 3092
143 3093
84 3094
92 3095
35 3096
67 3096
46 3096
60 3097
123 3098
90 3099
123 3100
142 3101
148 3102
74 3102
145 3103
54 3103
83 3104
53 3104
140 3105
142 3106
52 3107
38 3108
141 3109
102 3110
53 3111
90 3112
91 3113
56 3114
57 3115
106 3116
58 3117
39 3118
97 3119
104 3119
49 3120
67 3120
122 3121
153 3122
44 3123
94 3124
86 3125
159 3126
45 3127
47 3128
120 3129
121 3129
139 3129
88 3129
102 3130
49 3131
92 3132
132 3133
52 3134
52 3135
58 3136
52 3137
147 3138
132 3139
133 3140
93 3140
78 3141
148 3141
125 3141
83 3142
160 3142
58 3143
92 3144
134 3145
158 3145
84 3146
42 3146
92 3147
58 3147
125 3147
71 3148
62 3149
79 3149
145 3150
78 3151
83 3151
140 3152
76 3153
49 3154
145 3154
90 3155
90 3156
157 3156
122 3157
92 3157
56 3158
119 3158
123 3159
40 3159
38 3160
46 3161
44 3162
97 3163
161 3164
161 3165
148 3166
145 3167
108 3168
58 3169
44 3169
140 3170
133 3171
46 3172
72 3173
158 3174
136 3175
119 3176
94 3176
104 3177
141 3178
54 3179
133 3180
111 3181
143 3181
83 3182
97 3183
157 3184
72 3185
97 3185
123 3186
157 3186
128 3187
77 3187
140 3188
78 3188
161 3188
86 3189
77 3190
39 3190
134 3191
131 3192
76 3193
47 3193
160 3194
77 3195
58 3196
44 3197
148 3198
143 3199
82 3200
44 3201
72 3201
147 3202
82 3203
115 3204
144 3205
161 3206
127 3207
153 3207
140 3208
161 3208
81 3209
64 3210
81 3211
81 3212
72 3213
70 3213
72 3214
77 3214
79 3215
47 3216
111 3217
90 3218
77 3219
120 3220
126 3221
140 3222
58 3222
141 3223
154 3224
140 3225
47 3226
44 3227
46 3227
54 3228
158 3229
45 3230
45 3231
86 3232
119 3233
141 3234
67 3235
160 3235
108 3236
124 3237
46 3238
107 3239
140 3240
150 3241
71 3242
153 3242
90 3243
133 3244
140 3245
140 3246
97 3246
83 3247
127 3247
139 3248
120 3249
40 3250
151 3250
51 3250
53 3251
151 3252
134 3252
92 3252
150 3253
161 3254
46 3254
119 3255
102 3256
53 3257
152 3258
59 3258
122 3258
136 3258
50 3258
45 3258
154 3259
53 3260
159 3261
51 3261
139 3262
152 3262
120 3262
148 3263
99 3264
50 3264
80 3264
98 3264
159 3265
100 3265
161 3265
50 3266
59 3266
55 3266
98 3266
136 3267
161 3267
20 3268
28 3268
34 3268
3 3268
35 3268
101 3269
100 3269
45 3269
39 3270
51 3271
100 3271
101 3271
45 3271
59 3272
61 3272
52 3272
45 3272
50 3272
104 3273
79 3274
45 3275
160 3276
60 3277
58 3277
67 3278
161 3278
140 3278
53 3279
161 3280
89 3281
100 3282
124 3282
81 3283
152 3283
140 3284
161 3284
67 3285
161 3285
161 3286
161 3287
161 3288
161 3289
161 3290
45 3291
122 3291
133 3292
115 3293
159 3294
91 3294
47 3294
62 3294
139 3294
119 3295
109 3295
60 3295
159 3295
156 3295
136 3295
48 3295
159 3296
151 3297
104 3298
45 3299
119 3300
134 3300
119 3301
68 3302
65 3303
160 3304
53 3305
52 3306
143 3307
52 3308
56 3309
145 3310
56 3310
56 3311
52 3312
45 3313
143 3314
143 3315
143 3316
97 3317
53 3318
97 3319
71 3319
77 3320
108 3321
144 3322
108 3323
108 3324
83 3325
47 3326
161 3327
45 3328
141 3329
92 3330
141 3330
141 3331
141 3332
141 3333
92 3333
92 3334
147 3335
78 3336
71 3337
46 3338
158 3338
78 3339
118 3340
46 3341
57 3341
77 3342
118 3342
144 3343
72 3344
141 3345
78 3346
154 3346
107 3347
133 3348
52 3349
52 3350
52 3351
49 3352
111 3353
68 3353
57 3354
125 3355
38 3356
141 3357
44 3357
37 3358
100 3358
121 3358
51 3358
101 3358
51 3359
45 3359
137 3359
100 3359
101 3359
52 3360
52 3361
100 3362
100 3363
100 3364
99 3365
44 3366
41 3367
71 3367
52 3368
91 3369
151 3370
150 3371
45 3372
49 3373
54 3373
46 3374
130 3375
161 3376
45 3377
119 3378
134 3378
130 3379
77 3380
77 3381
135 3382
58 3382
38 3383
138 3384
81 3385
141 3386
119 3387
123 3388
52 3389
44 3390
97 3390
147 3390
45 3391
109 3392
144 3393
144 3394
93 3395
54 3396
144 3397
54 3397
69 3398
54 3399
144 3400
104 3401
111 3402
93 3403
139 3404
38 3404
54 3405
133 3406
144 3407
54 3408
144 3409
93 3410
67 3411
58 3412
39 3412
61 3413
119 3413
140 3414
154 3415
154 3416
139 3417
109 3418
77 3419
138 3420
73 3421
126 3422
116 3422
77 3423
98 3424
81 3425
58 3426
108 3426
38 3427
67 3428
45 3429
86 3430
72 3431
83 3432
127 3432
88 3433
99 3433
52 3434
52 3435
38 3436
38 3437
148 3437
39 3437
39 3438
38 3439
38 3440
143 3441
41 3441
92 3442
86 3443
121 3444
161 3444
58 3445
157 3446
161 3447
111 3447
58 3448
45 3449
58 3450
143 3451
103 3452
100 3453
48 3454
52 3455
161 3456
78 3456
38 3457
151 3457
52 3457
41 3458
41 3459
41 3460
41 3461
41 3462
111 3463
41 3464
41 3465
41 3466
41 3467
41 3468
153 3469
53 3470
82 3470
115 3471
53 3471
46 3472
104 3473
52 3474
56 3475
52 3476
53 3477
138 3478
49 3479
52 3479
61 3480
97 3481
52 3482
153 3483
45 3484
141 3485
74 3486
123 3486
50 3486
52 3487
52 3488
161 3489
134 3489
52 3490
39 3490
122 3491
152 3491
129 3491
45 3492
45 3493
111 3493
138 3494
52 3495
40 3496
98 3496
129 3496
124 3496
122 3496
152 3496
39 3497
128 3497
52 3498
141 3499
143 3500
52 3501
82 3502
52 3503
52 3504
39 3505
52 3505
52 3506
76 3507
52 3508
67 3509
38 3510
52 3511
61 3511
76 3512
38 3512
41 3513
44 3514
52 3515
99 3516
51 3516
52 3517
83 3518
49 3519
49 3520
52 3520
138 3521
41 3522
92 3523
92 3524
52 3525
52 3526
38 3527
92 3527
92 3528
89 3529
58 3530
38 3530
104 3530
134 3531
161 3532
115 3533
160 3534
160 3535
67 3535
140 3536
152 3537
46 3538
161 3538
128 3539
54 3539
46 3540
130 3541
86 3541
160 3542
46 3542
126 3543
161 3544
40 3545
161 3546
161 3547
77 3548
126 3549
107 3550
65 3551
112 3552
56 3553
86 3554
45 3555
128 3555
131 3556
79 3557
97 3558
77 3559
58 3560
143 3561
46 3562
42 3563
98 3563
143 3564
97 3565
108 3566
111 3567
141 3568
38 3569
41 3569
38 3570
41 3570
38 3571
130 3572
52 3573
83 3574
58 3575
44 3576
58 3576
155 3577
155 3578
155 3579
155 3580
155 3581
155 3582
155 3583
155 3584
155 3585
155 3586
37 3587
50 3587
142 3588
58 3589
64 3589
58 3590
81 3591
77 3592
152 3593
47 3593
123 3594
126 3594
161 3594
142 3595
47 3596
51 3597
54 3597
129 3597
100 3597
101 3597
89 3598
160 3599
45 3600
67 3601
161 3601
46 3601
131 3601
161 3602
53 3603
55 3604
86 3604
126 3605
123 3605
161 3605
115 3606
47 3607
136 3608
123 3609
161 3609
107 3610
47 3611
119 3612
134 3612
101 3613
115 3614
161 3615
160 3616
140 3617
142 3618
160 3619
116 3620
159 3621
161 3622
123 3622
130 3623
89 3624
54 3625
90 3626
45 3627
144 3628
77 3629
36 3630
68 3631
68 3632
111 3633
97 3633
77 3634
52 3635
38 3636
41 3636
45 3637
38 3638
41 3638
41 3639
38 3639
41 3640
38 3640
124 3641
68 3642
119 3643
138 3644
41 3645
38 3645
38 3646
41 3646
28 3647
33 3647
23 3647
9 3647
35 3647
34 3647
22 3647
91 3648
17 3648
134 3649
119 3650
134 3650
126 3651
143 3652
82 3653
126 3654
146 3655
145 3656
140 3657
76 3658
86 3659
71 3660
161 3661
45 3662
89 3663
138 3664
147 3665
70 3666
71 3666
143 3667
45 3668
58 3669
147 3670
118 3670
70 3671
89 3672
77 3672
52 3673
140 3674
158 3675
70 3675
71 3675
94 3675
156 3675
158 3676
36 3676
71 3676
158 3677
156 3677
71 3677
50 3677
138 3678
161 3679
66 3680
72 3681
133 3682
111 3682
42 3683
158 3683
134 3684
119 3684
52 3685
126 3686
70 3687
77 3688
44 3689
44 3690
153 3690
97 3691
58 3692
72 3692
147 3693
118 3693
148 3694
39 3695
72 3696
161 3697
72 3698
72 3699
104 3700
123 3701
38 3702
38 3703
46 3704
38 3705
155 3706
145 3707
126 3708
41 3709
38 3709
38 3710
41 3710
41 3711
38 3711
38 3712
41 3712
148 3713
71 3714
70 3714
54 3715
148 3715
72 3716
77 3717
147 3718
70 3719
71 3719
83 3720
77 3721
161 3722
161 3723
126 3724
69 3725
102 3726
140 3727
161 3728
89 3729
58 3729
119 3730
64 3730
104 3731
89 3731
89 3732
104 3733
83 3734
140 3735
89 3736
89 3737
58 3738
89 3739
92 3740
89 3741
104 3741
89 3742
79 3743
124 3743
140 3744
141 3745
119 3746
45 3747
119 3748
101 3749
104 3750
92 3751
134 3752
141 3753
116 3754
141 3755
72 3756
157 3757
140 3758
141 3759
45 3760
45 3761
76 3762
122 3763
51 3764
45 3764
80 3765
53 3766
53 3767
37 3768
92 3768
68 3768
99 3768
86 3769
65 3769
38 3769
138 3770
138 3771
52 3772
138 3772
66 3773
134 3773
121 3773
152 3773
159 3774
90 3775
52 3775
100 3776
40 3776
98 3776
149 3776
39 3777
119 3778
91 3779
161 3779
46 3780
83 3781
52 3782
134 3783
52 3784
48 3785
52 3786
52 3787
104 3788
53 3789
161 3790
156 3790
120 3790
139 3790
69 3791
100 3791
36 3791
122 3792
100 3792
99 3792
51 3792
45 3793
53 3794
46 3795
53 3796
39 3796
75 3797
122 3797
134 3798
45 3799
92 3800
37 3801
119 3801
137 3801
68 3801
51 3802
137 3802
100 3802
134 3802
122 3803
122 3804
121 3805
67 3806
121 3806
58 3807
143 3808
140 3809
138 3810
155 3811
161 3812
160 3813
111 3813
77 3813
47 3814
45 3815
116 3816
97 3817
46 3817
44 3818
97 3818
89 3818
52 3819
158 3820
40 3821
98 3822
50 3822
143 3823
42 3824
69 3824
161 3824
111 3825
116 3826
81 3827
52 3828
81 3829
140 3830
71 3831
124 3831
131 3832
137 3832
121 3832
161 3832
67 3832
89 3833
92 3833
92 3834
89 3834
89 3835
89 3836
89 3837
44 3838
89 3838
89 3839
58 3839
89 3840
89 3841
67 3842
89 3843
64 3844
89 3845
92 3846
44 3846
89 3846
71 3846
44 3847
123 3847
89 3847
89 3848
92 3848
89 3849
89 3850
89 3851
89 3852
92 3852
73 3852
88 3853
89 3853
89 3854
89 3855
89 3856
92 3857
89 3857
89 3858
92 3858
92 3859
89 3859
46 3859
89 3860
92 3860
89 3861
123 3861
44 3862
89 3862
89 3863
89 3864
73 3864
89 3865
89 3866
89 3867
92 3868
89 3868
97 3869
104 3869
97 3870
97 3871
143 3872
143 3873
39 3873
89 3874
74 3875
51 3875
80 3875
98 3875
50 3875
131 3875
83 3876
136 3876
131 3876
51 3876
113 3876
37 3876
104 3877
158 3878
83 3879
157 3880
140 3881
107 3882
42 3883
36 3884
74 3884
111 3885
131 3885
111 3886
36 3886
52 3887
97 3888
58 3889
52 3890
52 3891
52 3892
155 3893
141 3893
72 3894
41 3894
143 3895
52 3896
94 3897
53 3897
40 3897
37 3897
71 3897
46 3898
58 3898
161 3899
136 3899
137 3899
100 3899
159 3899
69 3900
36 3900
88 3900
161 3900
52 3901
52 3902
104 3903
52 3904
52 3905
46 3906
36 3907
124 3908
97 3909
138 3910
97 3911
67 3912
48 3912
150 3912
52 3913
49 3914
65 3914
92 3915
112 3916
39 3917
97 3917
104 3918
44 3919
97 3919
130 3920
119 3920
46 3921
121 3922
92 3922
52 3923
125 3924
152 3925
122 3926
92 3926
161 3927
121 3927
47 3928
161 3929
100 3930
133 3931
86 3932
79 3932
152 3933
136 3934
36 3934
126 3935
150 3935
113 3935
96 3936
97 3936
69 3937
139 3937
47 3938
93 3939
93 3940
47 3941
122 3942
76 3943
161 3944
65 3945
121 3946
92 3946
101 3946
45 3947
145 3948
122 3949
120 3950
128 3950
65 3951
37 3952
111 3952
73 3953
100 3954
150 3955
101 3956
155 3957
159 3958
157 3959
142 3960
46 3961
45 3962
81 3963
52 3964
79 3965
36 3966
71 3966
148 3966
61 3966
71 3967
158 3967
81 3968
118 3969
158 3969
94 3969
71 3969
36 3969
52 3970
52 3971
81 3971
52 3972
161 3973
74 3974
94 3974
89 3975
48 3976
141 3977
141 3978
141 3979
141 3980
134 3981
52 3982
141 3983
81 3984
101 3985
45 3986
141 3987
81 3988
53 3989
119 3989
136 3989
158 3989
52 3990
158 3991
98 3991
50 3991
44 3992
98 3993
131 3993
137 3993
92 3993
122 3993
98 3994
126 3994
122 3994
45 3994
154 3995
154 3996
121 3997
61 3998
91 3999
156 3999
49 3999
139 3999
93 4000
126 4000
71 4000
137 4000
152 4001
111 4002
126 4002
78 4002
99 4002
122 4002
37 4003
36 4003
98 4003
37 4004
122 4004
126 4004
36 4004
137 4005
131 4005
91 4006
139 4006
152 4006
136 4007
152 4007
47 4007
120 4007
159 4008
111 4008
140 4008
129 4009
45 4009
120 4009
50 4009
93 4010
150 4010
152 4011
122 4011
111 4011
129 4011
161 4012
152 4013
122 4013
62 4013
159 4013
100 4014
101 4014
151 4015
56 4015
37 4015
36 4016
143 4016
89 4017
46 4018
90 4019
133 4020
111 4020
92 4021
135 4021
61 4021
134 4022
38 4023
52 4024
59 4025
50 4025
88 4026
52 4027
52 4028
140 4029
52 4030
71 4031
72 4031
133 4032
122 4032
45 4032
71 4033
115 4033
53 4033
155 4034
101 4035
47 4036
153 4037
101 4038
126 4039
160 4040
58 4041
56 4042
144 4043
120 4044
124 4045
58 4045
101 4046
60 4047
52 4048
94 4049
156 4049
148 4049
64 4050
134 4051
53 4052
52 4053
52 4054
121 4055
152 4055
45 4055
40 4055
149 4055
122 4055
146 4056
45 4056
111 4056
101 4056
100 4056
98 4057
45 4057
134 4057
156 4057
100 4058
45 4058
98 4058
161 4059
119 4060
134 4060
97 4061
91 4062
116 4063
119 4064
89 4065
135 4066
49 4067
49 4068
49 4069
49 4070
111 4071
52 4072
52 4073
53 4074
138 4075
81 4075
52 4075
52 4076
46 4077
119 4078
138 4079
104 4080
52 4081
153 4082
52 4083
81 4084
92 4085
58 4086
38 4086
58 4087
38 4087
104 4088
135 4089
38 4089
39 4089
104 4089
104 4090
104 4091
92 4092
38 4093
104 4094
92 4095
104 4096
125 4097
38 4098
44 4099
58 4099
104 4099
38 4099
135 4100
38 4100
104 4100
104 4101
135 4101
58 4102
92 4102
39 4102
135 4103
38 4104
76 4104
38 4105
104 4105
39 4105
104 4106
38 4106
58 4106
125 4107
38 4108
58 4109
104 4109
80 4110
56 4110
159 4110
45 4110
67 4111
149 4111
100 4111
122 4111
137 4112
98 4112
50 4112
59 4113
50 4113
140 4113
131 4114
50 4114
124 4114
104 4115
38 4115
39 4115
38 4116
52 4117
38 4118
39 4118
45 4119
76 4120
76 4121
53 4122
83 4123
161 4124
53 4125
49 4126
79 4127
71 4127
53 4127
96 4128
101 4128
83 4129
56 4129
86 4130
52 4131
153 4132
89 4132
71 4132
81 4133
159 4134
124 4134
45 4135
76 4136
96 4136
71 4137
148 4137
85 4138
143 4139
143 4140
143 4141
143 4142
143 4143
52 4144
119 4145
53 4146
49 4147
133 4147
79 4148
45 4148
62 4149
96 4150
148 4150
45 4151
70 4152
80 4153
45 4153
161 4154
122 4154
45 4155
119 4155
45 4156
137 4156
40 4156
80 4157
56 4157
74 4157
134 4157
56 4158
76 4158
119 4158
121 4158
100 4159
137 4159
56 4159
56 4160
119 4160
161 4161
160 4161
37 4162
111 4162
137 4162
152 4163
137 4164
99 4164
92 4164
52 4165
53 4166
124 4167
121 4167
150 4167
150 4168
124 4168
161 4168
159 4168
52 4169
52 4170
52 4171
84 4172
86 4172
71 4172
53 4173
111 4174
145 4175
56 4175
86 4176
57 4177
120 4178
161 4179
56 4180
56 4181
60 4181
75 4181
145 4182
79 4183
98 4184
124 4184
42 4185
37 4186
44 4187
52 4188
52 4189
116 4190
122 4190
99 4190
52 4191
52 4192
38 4193
116 4193
91 4194
120 4194
47 4194
139 4194
138 4195
52 4196
77 4197
52 4198
36 4199
135 4199
151 4199
158 4199
61 4200
69 4200
71 4200
158 4200
53 4200
70 4201
70 4202
70 4203
79 4204
53 4204
70 4205
70 4206
70 4207
70 4208
71 4208
84 4209
86 4209
53 4209
143 4210
92 4211
100 4211
101 4211
121 4211
131 4211
132 4211
52 4212
52 4213
123 4214
47 4215
91 4215
99 4215
80 4215
130 4215
69 4215
136 4215
111 4216
122 4216
111 4217
123 4218
73 4219
123 4220
52 4221
123 4222
97 4223
147 4224
97 4225
123 4225
157 4226
157 4227
81 4228
52 4229
52 4230
156 4231
136 4231
36 4231
97 4232
70 4233
46 4233
118 4234
138 4235
52 4235
127 4236
84 4236
52 4237
90 4238
39 4239
64 4240
97 4241
81 4241
97 4242
134 4243
121 4243
150 4244
92 4244
137 4244
158 4245
38 4246
52 4247
157 4248
52 4249
52 4250
52 4251
52 4252
69 4253
94 4253
36 4253
140 4254
121 4255
111 4256
144 4257
71 4258
124 4258
106 4258
82 4258
53 4258
50 4258
158 4258
52 4259
50 4260
137 4260
40 4260
92 4260
84 4260
96 4261
58 4262
89 4262
52 4263
52 4264
140 4265
72 4266
46 4267
76 4268
141 4269
38 4270
46 4271
142 4272
153 4272
46 4273
111 4274
153 4275
97 4276
142 4277
111 4278
58 4279
63 4280
153 4281
97 4281
104 4282
97 4282
76 4283
97 4283
39 4284
124 4285
149 4285
138 4285
74 4285
67 4286
116 4287
156 4288
108 4288
99 4288
120 4289
139 4289
128 4289
129 4289
152 4289
89 4290
52 4291
143 4292
81 4293
115 4294
71 4295
81 4296
97 4297
125 4298
99 4299
134 4299
74 4300
65 4301
52 4302
52 4303
97 4304
89 4305
80 4306
121 4306
124 4306
161 4307
121 4307
134 4307
53 4308
59 4309
98 4309
69 4309
36 4309
122 4310
152 4311
138 4312
73 4313
133 4313
49 4314
161 4315
100 4316
100 4317
137 4317
150 4317
40 4317
101 4317
45 4317
145 4318
121 4319
133 4320
161 4320
129 4321
126 4321
78 4321
149 4321
157 4322
45 4323
119 4324
141 4325
141 4326
48 4327
45 4328
141 4329
141 4330
141 4331
137 4332
56 4332
121 4332
158 4333
81 4334
141 4335
121 4336
100 4336
89 4337
75 4338
152 4339
98 4339
37 4339
51 4339
69 4339
141 4340
141 4341
116 4342
155 4343
133 4344
130 4345
97 4345
148 4346
135 4347
50 4347
58 4347
104 4347
121 4348
159 4348
161 4348
134 4349
161 4349
121 4349
59 4350
118 4350
97 4350
71 4350
109 4351
83 4351
159 4352
159 4353
100 4353
136 4353
68 4354
88 4354
71 4354
97 4354
96 4354
82 4354
83 4354
72 4354
100 4355
159 4355
92 4356
76 4356
71 4357
115 4357
36 4357
130 4357
36 4358
98 4358
156 4358
80 4359
111 4359
152 4360
47 4360
121 4360
100 4360
138 4361
124 4362
108 4362
122 4363
100 4364
122 4364
158 4364
125 4365
148 4365
70 4365
82 4365
155 4366
138 4367
77 4368
68 4368
86 4368
159 4369
161 4369
107 4370
159 4371
138 4372
47 4373
121 4373
149 4373
148 4374
145 4374
96 4374
159 4375
51 4376
90 4376
121 4376
45 4377
138 4378
82 4379
53 4379
70 4379
90 4380
119 4380
60 4381
58 4381
145 4381
83 4382
53 4382
157 4383
56 4384
161 4385
92 4386
81 4386
89 4386
155 4386
122 4387
49 4387
161 4387
134 4388
119 4388
105 4389
50 4390
45 4391
122 4391
100 4391
51 4392
150 4392
121 4392
127 4393
86 4394
97 4394
96 4394
58 4395
125 4395
122 4396
92 4396
161 4397
93 4398
113 4399
143 4399
145 4399
144 4400
93 4401
74 4401
74 4402
61 4403
66 4403
99 4403
138 4404
139 4405
136 4405
161 4406
80 4406
126 4406
138 4407
98 4408
111 4408
121 4409
62 4409
80 4410
121 4410
126 4410
121 4411
111 4412
51 4412
98 4412
129 4412
137 4412
80 4413
100 4414
101 4414
137 4414
55 4414
61 4414
131 4415
51 4416
101 4417
51 4417
100 4417
40 4418
137 4418
66 4419
62 4419
40 4420
40 4421
139 4422
121 4423
127 4424
85 4424
88 4424
136 4425
85 4426
91 4427
121 4428
150 4428
140 4428
36 4429
136 4429
86 4429
76 4430
88 4431
144 4431
72 4431
55 4431
145 4431
76 4432
151 4433
45 4434
101 4435
100 4435
148 4435
109 4436
66 4436
156 4436
129 4436
62 4436
103 4437
148 4437
145 4437
82 4437
45 4438
92 4439
79 4440
139 4441
134 4442
53 4442
119 4442
37 4443
154 4444
96 4444
161 4444
156 4445
58 4445
92 4445
65 4446
143 4446
103 4447
62 4448
161 4449
71 4450
81 4451
115 4451
155 4452
79 4453
157 4454
41 4455
86 4456
109 4456
156 4456
128 4457
141 4458
119 4458
42 4459
125 4460
106 4461
85 4462
86 4462
118 4463
71 4463
78 4464
148 4464
118 4465
71 4466
74 4467
82 4468
86 4469
84 4470
136 4471
82 4472
148 4472
71 4472
115 4473
86 4474
86 4475
86 4476
118 4477
120 4477
86 4478
85 4478
71 4479
96 4479
82 4479
115 4480
71 4481
86 4482
84 4483
52 4484
92 4485
102 4485
38 4486
154 4486
57 4487
158 4487
38 4488
92 4489
41 4490
157 4491
73 4492
157 4493
46 4494
161 4494
81 4495
127 4496
161 4497
42 4498
99 4498
161 4499
73 4500
136 4500
136 4501
144 4502
115 4503
147 4504
147 4505
108 4505
67 4506
97 4507
141 4507
136 4508
37 4508
39 4509
121 4509
68 4510
134 4511
45 4511
137 4511
50 4511
80 4511
134 4512
10 4513
18 4513
7 4513
150 4514
3 4515
20 4515
99 4516
142 4516
89 4517
52 4518
89 4519
128 4520
101 4520
52 4521
81 4522
63 4523
40 4524
129 4524
65 4525
124 4525
92 4526
66 4527
111 4527
135 4528
97 4528
126 4529
45 4530
137 4531
100 4531
136 4531
137 4532
161 4532
159 4532
45 4533
45 4534
52 4535
45 4536
135 4536
50 4536
151 4537
99 4537
61 4537
80 4537
89 4538
90 4539
89 4539
51 4540
80 4540
45 4540
122 4540
52 4541
52 4542
138 4543
52 4544
53 4545
52 4546
77 4547
77 4548
52 4549
52 4550
104 4551
90 4552
77 4553
144 4554
42 4555
131 4556
36 4557
44 4558
90 4559
60 4560
143 4561
143 4562
133 4563
111 4564
111 4565
38 4565
133 4565
106 4566
115 4566
108 4566
73 4567
138 4567
106 4567
83 4568
143 4569
94 4570
45 4571
45 4572
128 4573
78 4573
38 4574
111 4574
152 4575
46 4576
77 4576
47 4577
89 4578
52 4579
47 4580
147 4580
67 4581
147 4582
140 4583
147 4584
72 4585
77 4586
89 4587
104 4588
83 4589
52 4590
83 4591
131 4592
142 4593
58 4594
147 4595
99 4596
52 4597
127 4598
111 4599
115 4600
72 4601
159 4602
157 4603
123 4604
64 4605
157 4606
55 4607
106 4608
82 4608
38 4609
89 4610
141 4611
62 4612
59 4613
131 4613
134 4613
50 4613
101 4614
53 4614
86 4614
71 4614
74 4615
56 4615
137 4616
65 4616
100 4617
80 4617
45 4617
101 4617
70 4618
79 4618
120 4619
86 4620
130 4621
154 4621
98 4622
78 4622
80 4622
129 4623
40 4624
53 4625
81 4626
64 4626
124 4627
67 4628
141 4629
36 4630
161 4630
136 4630
143 4631
58 4632
77 4633
161 4634
143 4635
125 4636
41 4637
122 4638
90 4639
81 4640
98 4641
141 4642
122 4643
103 4644
52 4645
106 4646
79 4646
155 4647
42 4648
144 4649
140 4650
140 4651
161 4652
64 4653
46 4654
59 4655
109 4655
98 4655
136 4655
50 4655
127 4656
130 4657
38 4658
86 4658
72 4659
141 4660
89 4661
92 4662
101 4662
116 4663
71 4664
70 4665
49 4665
138 4666
104 4667
97 4667
96 4668
45 4669
121 4670
130 4671
111 4671
54 4671
50 4671
146 4671
154 4671
71 4672
109 4673
120 4674
50 4675
111 4675
68 4676
145 4676
157 4677
45 4678
52 4678
46 4678
64 4679
101 4680
68 4681
80 4682
124 4682
51 4682
74 4682
103 4683
149 4684
98 4684
124 4685
3 4686
133 4686
98 4686
45 4687
138 4688
109 4689
135 4690
140 4691
69 4692
83 4693
145 4693
52 4694
52 4695
52 4696
140 4697
99 4697
52 4698
60 4699
78 4700
47 4700
14 4701
134 4702
137 4702
151 4702
101 4703
124 4703
84 4703
83 4703
108 4704
93 4705
71 4706
70 4706
55 4706
36 4706
151 4706
37 4706
111 4707
133 4707
97 4708
105 4709
116 4710
64 4710
137 4711
100 4711
101 4711
45 4711
70 4712
74 4712
79 4713
52 4713
155 4713
128 4714
76 4714
122 4714
97 4715
45 4716
52 4717
140 4718
116 4718
38 4719
116 4719
38 4720
141 4721
97 4722
111 4723
157 4724
48 4725
52 4726
155 4727
140 4728
90 4729
52 4729
45 4730
144 4731
145 4732
145 4733
158 4734
159 4735
161 4735
124 4735
40 4735
71 4735
141 4736
111 4737
145 4737
144 4738
83 4739
57 4740
122 4741
83 4742
89 4742
97 4742
52 4743
141 4744
93 4745
76 4746
144 4747
70 4748
86 4749
138 4750
52 4751
92 4751
136 4752
51 4752
124 4752
62 4753
85 4753
53 4754
52 4755
80 4756
152 4756
62 4756
51 4756
159 4757
55 4757
91 4757
90 4757
45 4758
155 4759
59 4760
61 4760
94 4760
131 4761
146 4761
139 4761
47 4762
56 4763
115 4764
53 4764
85 4765
53 4766
59 4767
151 4767
69 4767
155 4768
135 4769
73 4769
58 4770
89 4771
124 4772
136 4772
65 4772
78 4773
104 4774
81 4775
71 4776
133 4777
97 4778
55 4779
56 4780
141 4781
161 4782
45 4783
155 4784
133 4785
142 4786
41 4787
133 4788
113 4788
133 4789
97 4790
38 4790
81 4791
65 4792
156 4793
52 4794
143 4795
64 4796
45 4797
86 4798
141 4799
65 4800
101 4800
143 4800
104 4801
68 4802
148 4803
52 4804
52 4805
122 4806
137 4806
125 4807
72 4807
64 4808
70 4809
111 4810
52 4811
62 4812
51 4812
91 4812
67 4813
157 4814
141 4815
125 4816
106 4816
81 4817
89 4818
58 4819
63 4820
143 4821
52 4822
39 4823
133 4824
44 4824
37 4825
133 4825
84 4826
86 4826
149 4827
150 4827
52 4828
71 4829
83 4829
53 4829
92 4830
111 4830
159 4830
74 4831
45 4832
100 4832
51 4832
129 4832
101 4832
61 4832
135 4833
141 4834
71 4835
155 4836
150 4837
85 4838
84 4838
148 4838
137 4839
152 4839
131 4839
14 4840
15 4840
45 4841
158 4842
83 4842
72 4843
36 4843
147 4843
129 4844
152 4844
143 4845
52 4846
14 4847
121 4847
142 4848
126 4849
131 4850
152 4850
120 4850
50 4850
52 4851
52 4852
134 4853
119 4853
139 4854
40 4854
39 4855
119 4855
84 4856
104 4857
98 4858
99 4858
50 4858
138 4858
139 4858
56 4859
104 4860
45 4861
158 4862
61 4862
108 4863
148 4863
71 4863
82 4863
124 4863
106 4863
78 4863
97 4864
138 4864
83 4864
89 4864
82 4865
143 4865
150 4866
134 4866
145 4867
38 4868
47 4869
64 4870
104 4871
86 4872
96 4873
39 4873
158 4874
140 4875
92 4876
155 4877
52 4878
49 4879
93 4879
138 4879
141 4880
92 4880
97 4881
148 4882
59 4883
37 4883
67 4883
50 4883
103 4884
77 4885
51 4886
137 4886
159 4886
52 4887
65 4888
60 4888
137 4889
159 4889
161 4889
80 4889
100 4889
111 4890
128 4890
133 4890
81 4891
119 4892
60 4893
45 4893
78 4894
64 4895
86 4896
70 4897
118 4897
85 4897
119 4898
121 4899
161 4900
161 4901
108 4902
42 4903
97 4904
39 4904
39 4905
38 4906
145 4906
45 4907
79 4908
85 4909
102 4910
52 4911
52 4912
103 4913
52 4914
73 4915
65 4916
61 4917
129 4917
149 4917
45 4918
52 4919
155 4920
141 4921
52 4922
54 4923
157 4924
44 4925
71 4926
107 4926
46 4927
115 4927
111 4928
77 4929
116 4930
86 4931
97 4932
104 4932
81 4933
48 4934
104 4935
111 4936
97 4937
81 4938
44 4939
81 4940
119 4941
81 4942
83 4942
97 4943
89 4943
81 4944
44 4945
89 4945
41 4946
132 4947
70 4948
44 4949
144 4950
83 4951
112 4952
141 4953
111 4954
154 4954
140 4954
38 4955
140 4956
64 4957
116 4957
61 4958
120 4958
39 4959
64 4959
64 4960
158 4960
38 4961
48 4962
64 4962
41 4963
157 4964
44 4965
44 4966
127 4967
127 4968
148 4969
127 4969
127 4970
153 4970
153 4971
107 4972
44 4973
153 4973
127 4973
36 4974
127 4975
127 4976
127 4977
42 4978
127 4979
107 4980
127 4981
154 4982
127 4983
86 4984
82 4984
127 4985
127 4986
127 4987
39 4988
150 4989
107 4990
71 4991
107 4992
144 4993
147 4994
82 4995
86 4996
81 4997
81 4998
45 4999
127 5000
76 5001
70 5002
118 5002
130 5003
63 5004
90 5005
136 5006
77 5007
44 5007
140 5008
58 5009
77 5010
133 5011
122 5012
150 5013
79 5014
93 5015
134 5016
142 5017
45 5018
128 5019
76 5019
83 5020
44 5020
46 5021
142 5021
77 5022
68 5023
144 5024
108 5025
67 5026
90 5027
81 5028
140 5029
52 5030
148 5031
58 5031
44 5032
143 5033
108 5034
81 5035
52 5036
52 5037
116 5038
65 5038
126 5038
126 5039
144 5040
147 5041
128 5042
52 5043
87 5044
68 5045
52 5046
52 5047
41 5048
38 5048
130 5049
121 5049
101 5049
88 5049
100 5049
80 5050
65 5050
51 5050
52 5051
53 5052
71 5052
96 5053
93 5053
53 5054
70 5054
82 5055
86 5056
105 5057
138 5058
52 5059
39 5060
14 5060
143 5061
97 5062
133 5063
80 5063
52 5064
111 5065
79 5066
122 5066
161 5066
138 5067
161 5067
121 5068
161 5068
56 5069
56 5070
83 5071
84 5072
85 5072
95 5072
49 5073
56 5073
116 5074
161 5075
118 5076
3 5077
18 5077
122 5078
121 5078
47 5079
118 5080
54 5081
21 5082
150 5082
134 5082
60 5083
86 5084
107 5085
160 5086
115 5087
44 5087
58 5087
108 5088
50 5089
118 5089
57 5089
77 5090
126 5091
126 5092
41 5093
104 5094
44 5095
54 5096
58 5097
58 5098
135 5099
135 5099
89 5100
104 5101
89 5102
56 5103
133 5104
52 5105
152 5106
99 5107
121 5107
119 5107
24 5108
33 5108
27 5108
23 5108
34 5108
8 5108
35 5108
92 5109
159 5109
131 5109
65 5110
39 5111
36 5112
61 5112
70 5112
71 5112
151 5112
65 5113
141 5114
140 5115
52 5116
143 5117
48 5118
65 5119
52 5120
158 5121
38 5122
89 5123
111 5124
138 5125
52 5126
111 5127
46 5127
71 5128
111 5128
130 5129
36 5129
52 5130
98 5131
99 5131
7 5132
158 5132
97 5132
36 5133
71 5133
140 5134
140 5135
124 5136
100 5136
52 5137
52 5138
148 5139
36 5139
149 5140
109 5140
52 5140
130 5141
111 5141
50 5142
142 5143
52 5144
45 5144
50 5145
145 5146
158 5147
52 5148
90 5148
55 5149
86 5149
126 5149
36 5149
148 5150
71 5150
36 5150
139 5151
36 5151
159 5151
58 5152
95 5152
71 5153
3 5154
84 5155
49 5156
86 5156
47 5157
17 5157
145 5157
56 5158
63 5159
89 5159
65 5160
159 5160
3 5161
26 5161
12 5161
27 5161
5 5161
33 5161
39 5162
143 5163
93 5164
17 5164
100 5165
110 5165
70 5166
56 5167
106 5167
35 5168
2 5169
143 5170
53 5171
65 5171
86 5171
95 5171
71 5172
75 5172
86 5172
95 5173
114 5173
85 5174
95 5174
49 5174
79 5175
86 5175
10 5176
22 5176
33 5176
8 5176
29 5176
24 5176
5 5177
134 5178
119 5178
97 5178
60 5179
83 5180
71 5180
72 5180
77 5180
44 5180
101 5181
143 5181
27 5182
101 5183
18 5184
5 5184
14 5185
15 5186
14 5187
70 5188
106 5188
56 5189
56 5190
161 5190
56 5191
56 5192
83 5192
18 5193
0 5193
5 5193
15 5194
14 5195
15 5195
122 5195
91 5196
100 5196
138 5197
138 5198
119 5199
45 5199
7 5200
81 5201
61 5202
52 5203
56 5204
93 5204
56 5205
56 5206
56 5207
70 5208
106 5208
7 5209
2 5209
22 5210
97 5211
97 5212
119 5213
49 5214
56 5214
113 5214
128 5214
56 5215
56 5216
138 5217
138 5218
39 5219
81 5220
14 5221
14 5222
95 5222
145 5222
14 5223
83 5224
97 5225
70 5226
95 5226
106 5226
125 5226
86 5227
120 5227
95 5228
114 5228
70 5229
71 5229
70 5230
78 5230
106 5230
148 5230
71 5231
82 5231
53 5232
71 5232
82 5232
84 5233
85 5233
58 5234
95 5234
114 5234
14 5235
97 5236
108 5237
104 5238
70 5239
29 5240
3 5240
19 5240
1 5240
39 5241
45 5241
29 5242
9 5242
10 5242
8 5242
5 5242
56 5243
45 5244
143 5244
60 5245
14 5245
86 5246
22 5247
26 5248
63 5248
15 5249
86 5250
29 5251
23 5251
15 5251
97 5252
83 5252
89 5252
138 5252
138 5253
110 5253
108 5253
45 5254
75 5255
82 5255
86 5255
120 5256
119 5257
97 5257
38 5257
95 5259
114 5259
85 5260
93 5260
110 5260
108 5261
63 5261
97 5262
144 5263
72 5263
95 5264
138 5264
97 5265
63 5265
15 5267
51 5268
83 5268
58 5269
82 5269
95 5269
120 5269
78 5270
110 5270
161 5270
56 5271
3 5272
5 5272
23 5272
32 5272
18 5273
61 5274
119 5274
95 5275
71 5275
148 5275
114 5275
58 5275
125 5275
82 5275
106 5275
14 5275
93 5276
138 5276
15 5277
79 5278
86 5278
145 5278
18 5279
53 5279
83 5279
56 5280
56 5281
93 5281
63 5282
5 5283
0 5283
18 5284
18 5285
2 5285
82 5286
84 5286
86 5286
78 5287
86 5287
110 5287
20 5288
97 5289
97 5290
97 5291
107 5291
39 5292
108 5292
115 5292
58 5293
82 5293
86 5293
95 5293
63 5294
5 5295
15 5296
5 5296
18 5296
3 5296
97 5297
134 5297
119 5297
45 5298
128 5298
133 5298
56 5299
158 5300
97 5300
70 5301
71 5301
46 5302
0 5303
160 5304
46 5304
67 5304
95 5308
82 5308
93 5308
95 5309
125 5309
70 5310
95 5310
24 5311
138 5312
108 5313
78 5313
72 5314
118 5314
89 5315
131 5316
87 5317
58 5318
81 5319
119 5319
60 5320
52 5321
87 5322
95 5323
106 5323
114 5323
71 5324
82 5324
85 5324
95 5324
106 5324
82 5325
82 5326
97 5327
134 5328
39 5329
83 5330
120 5331
45 5331
157 5332
72 5333
100 5334
71 5334
159 5335
71 5336
72 5337
89 5338
122 5339
76 5339
86 5340
160 5341
142 5342
130 5343
71 5344
82 5344
128 5345
82 5346
3 5347
12 5347
5 5347
23 5347
38 5348
18 5349
101 5350
45 5351
56 5351
97 5352
107 5352
148 5352
70 5353
95 5353
106 5353
18 5354
2 5354
138 5355
82 5356
95 5356
106 5356
22 5357
21 5357
13 5357
5 5357
1 5357
30 5357
24 5358
20 5358
10 5358
25 5358
8 5358
97 5359
58 5360
3 5361
15 5361
32 5361
106 5362
97 5363
44 5364
58 5364
97 5364
108 5364
148 5364
41 5365
18 5366
53 5366
83 5366
53 5367
82 5367
78 5368
161 5368
56 5369
29 5370
5 5370
9 5370
15 5370
3 5370
26 5370
142 5371
29 5372
26 5372
1 5372
5 5372
3 5372
34 5373
35 5373
29 5373
5 5373
26 5373
15 5373
3 5374
23 5374
5 5374
15 5374
3 5375
27 5375
15 5375
1 5375
28 5375
9 5375
49 5377
56 5377
3 5380
8 5389
22 5389
33 5389
15 5389
26 5390
29 5390
28 5390
27 5391
32 5391
12 5391
19 5391
44 5392
72 5392
95 5393
114 5393
82 5394
82 5395
108 5396
97 5397
63 5398
153 5399
108 5400
108 5401
8 5402
111 5403
15 5404
136 5404
95 5404
108 5405
56 5406
110 5406
70 5407
95 5407
56 5408
85 5409
70 5409
95 5409
134 5410
15 5410
3 5410
29 5411
18 5411
5 5411
3 5411
114 5412
95 5412
156 5412
70 5413
5 5414
29 5414
3 5414
108 5415
82 5416
70 5416
71 5416
9 5417
23 5417
35 5417
24 5417
27 5417
15 5417
84 5418
95 5418
110 5418
118 5418
108 5419
97 5420
21 5421
26 5421
22 5421
13 5421
15 5421
6 5421
1 5421
105 5422
82 5423
79 5424
142 5425
108 5426
82 5427
108 5427
108 5428
108 5429
108 5430
108 5431
108 5432
108 5433
95 5434
84 5434
85 5434
45 5435
58 5435
15 5436
49 5437
56 5437
9 5438
29 5438
19 5438
5 5438
22 5438
34 5438
108 5439
97 5440
82 5441
108 5441
52 5442
18 5443
151 5444
83 5445
97 5446
98 5447
129 5447
8 5448
19 5448
5 5448
10 5449
11 5449
24 5449
22 5449
15 5449
28 5450
86 5451
82 5453
86 5453
95 5454
53 5454
39 5455
97 5455
63 5455
95 5456
86 5456
70 5456
106 5456
104 5457
58 5457
97 5457
63 5457
75 5459
161 5459
56 5460
56 5461
92 5462
28 5463
21 5463
9 5463
11 5465
4 5465
97 5466
123 5467
105 5467
160 5467
44 5468
81 5469
90 5469
159 5470
52 5471
161 5472
138 5473
97 5474
72 5474
44 5474
104 5475
53 5476
115 5476
108 5477
108 5478
63 5479
82 5480
108 5481
108 5482
108 5483
108 5484
108 5485
108 5486
104 5487
108 5488
108 5489
82 5490
108 5490
108 5491
104 5492
97 5493
142 5494
49 5495
97 5496
108 5497
108 5498
83 5499
142 5500
108 5501
83 5502
53 5503
153 5504
84 5505
82 5506
108 5507
108 5508
108 5509
108 5510
108 5511
56 5513
75 5514
71 5515
82 5515
106 5515
110 5515
86 5516
75 5516
49 5517
56 5517
86 5518
119 5519
108 5520
134 5520
15 5520
34 5521
25 5521
9 5521
35 5521
23 5521
30 5521
24 5521
34 5522
15 5523
22 5523
32 5523
35 5523
33 5523
9 5523
34 5523
5 5524
6 5524
18 5524
53 5525
45 5526
15 5526
71 5527
82 5527
83 5527
95 5527
125 5527
15 5528
28 5528
22 5528
35 5528
5 5529
19 5529
0 5529
22 5529
11 5529
33 5529
3 5530
26 5530
9 5530
5 5530
29 5530
22 5530
20 5531
127 5531
56 5532
57 5533
58 5533
60 5533
8 5534
53 5535
71 5535
15 5536
3 5536
26 5536
5 5536
28 5536
5 5537
34 5537
29 5537
6 5537
22 5537
35 5538
2 5539
94 5539
97 5539
108 5539
95 5540
106 5540
82 5540
71 5540
148 5541
70 5541
71 5541
156 5541
26 5542
9 5542
29 5542
3 5542
5 5542
22 5542
10 5543
8 5543
15 5543
18 5543
9 5543
19 5544
5 5544
0 5544
22 5544
86 5545
85 5545
106 5545
27 5546
12 5546
9 5546
18 5546
95 5547
106 5547
63 5548
29 5549
6 5549
18 5549
3 5549
5 5549
97 5550
31 5551
22 5551
18 5552
45 5552
106 5553
125 5553
95 5553
5 5554
13 5554
10 5554
19 5554
15 5554
56 5559
10 5560
8 5561
5 5561
3 5562
39 5563
63 5563
97 5563
108 5563
127 5564
83 5564
97 5564
57 5564
97 5565
18 5566
15 5566
0 5566
15 5567
5 5567
29 5567
28 5567
33 5568
12 5568
26 5568
22 5568
29 5568
34 5568
18 5569
5 5569
29 5569
6 5569
158 5570
9 5571
26 5571
29 5571
22 5571
13 5571
5 5571
11 5572
111 5572
97 5572
29 5573
9 5573
12 5573
5 5573
34 5573
49 5574
49 5575
49 5576
29 5578
9 5578
22 5578
26 5578
3 5578
1 5578
27 5578
147 5579
97 5579
111 5579
44 5579
23 5580
26 5581
108 5582
34 5583
23 5583
11 5583
7 5584
5 5584
19 5584
34 5586
29 5586
22 5586
13 5586
6 5586
26 5586
5 5586
15 5587
63 5588
15 5589
34 5589
9 5589
29 5589
0 5590
5 5590
19 5592
34 5594
29 5594
5 5594
35 5594
13 5594
10 5596
18 5600
3 5601
29 5601
26 5601
5 5601
0 5601
19 5601
25 5602
22 5602
12 5602
5 5602
11 5603
18 5604
3 5605
5 5605
24 5606
8 5606
7 5606
6 5608
33 5609
34 5610
35 5610
11 5610
104 5611
18 5613
12 5615
29 5616
34 5616
20 5616
26 5616
22 5616
14 5617
34 5618
21 5618
31 5618
24 5618
34 5619
0 5619
23 5619
33 5619
9 5619
3 5621
23 5621
5 5622
22 5622
15 5622
18 5623
3 5624
134 5624
119 5624
56 5624
15 5626
18 5626
97 5627
97 5628
97 5629
11 5630
18 5631
5 5632
18 5632
107 5633
0 5634
23 5634
14 5634
0 5635
5 5635
11 5635
7 5635
18 5636
86 5638
53 5638
63 5638
39 5639
