   1 2 3 4 5 6 7 8 9 10 11 12 13 14 15 16 17 18 19 20 21 22 23 24 25 26 27 28 29 30 31 32 33 34 35 36 37 38 39 40 41 42 43 44 45 46 47 48 49 50 51 52 53 54 55 56 57 58 59 60 61 62 63 64 65 66 67 68 69 70 71 72 73 74 75 76 77 78 79 80 81 82 83 84 85 86 87 88 89 90 91 92 93 94 95 96 97 98 99 100 101 102 103 104 105 106 107 108 109 110 111 112 113 114 115 116 117 118 119 120 121 122 123 124 125 126 127 128 129 130 131 132 133 134 135 136 137 138 139 140 141 142 143 144 145 146 147 148 149 150 151 152 153 154 155 156 157 158 159 160 161 162 
5639    54 64 87 
5636    1 6 8 12 
5635    1 15 24 
5625    4 57 120 135 
5623    6 16 23 
5620    1 10 24 34 35 
5620 5635    1 24 
5619    22 25 32 35 
5617    21 23 27 30 35 
5611    12 35 36 
5607    8 9 25 
5603    6 13 23 26 
5602    1 4 6 20 27 30 
5595    6 14 30 35 36 
5590    10 16 30 35 
5587    6 7 14 23 27 30 35 
5587 5595    6 14 30 35 
5585    6 8 20 
5585 5636    6 8 
5584    12 24 35 
5584 5611    12 35 
5580    45 98 112 148 
5579    2 4 10 23 27 28 30 
5574    6 10 13 30 35 
5573    12 98 112 
5572    6 10 14 23 27 30 
5572 5587    6 14 23 27 30 
5572 5587 5595    6 14 30 
5569    13 23 27 30 34 35 
5569 5603    13 23 
5569 5587 5617    23 27 30 35 
5569 5574    13 30 35 
5568    6 16 29 30 
5567    1 16 19 
5565    58 84 98 128 
5564    40 64 98 109 
5555    6 11 14 16 20 
5553    19 46 
5552    23 32 
5550    4 6 7 19 30 
5550 5570    6 7 19 30 
5547    10 13 19 28 
5546    86 87 107 
5544    9 10 11 16 19 
5544 5547    10 19 
5542    71 72 149 157 
5540    3 95 98 109 
5538 5587    6 7 23 30 35 
5538 5550 5570 5587    6 7 30 
5537    4 6 16 27 29 
5537 5568    6 16 29 
5532    21 128 
5531 5543    4 6 10 23 27 30 
5531 5543 5579    4 10 23 27 30 
5531 5543 5572    6 10 23 27 30 
5531 5543 5572 5587    6 23 27 30 
5531 5543 5572 5579    10 23 27 30 
5531 5543 5569 5572 5579 5587 5617    23 27 30 
5530    1 6 12 20 23 34 
5530 5636    1 6 12 
5530 5620    1 34 
5530 5545    1 6 20 23 
5530 5545 5602    1 6 20 
5529    16 23 29 36 
5528    72 83 84 96 126 
5527    16 46 
5525 5550 5570    6 7 19 
5525 5538 5550 5570 5587    6 7 
5524    10 16 23 33 34 35 36 
5524 5590    10 16 35 
5524 5529    16 23 36 
5522    10 24 25 26 31 35 36 
5521    16 109 135 
5516    72 83 107 111 
5470    82 91 
5468    106 124 161 
5466    5 12 
5464    10 22 29 
5458    59 64 98 105 
5457    71 87 96 107 
5456 5564    40 64 98 
5450    11 12 16 23 25 
5450 5544 5555    11 16 
5450 5530    12 23 
5449    6 9 20 
5439    6 10 20 23 30 35 
5439 5574    6 10 30 35 
5439 5574 5590    10 30 35 
5439 5538 5587    6 23 30 35 
5439 5538 5569 5587 5617    23 30 35 
5439 5531 5543 5572    6 10 23 30 
5439 5531 5543 5572 5579    10 23 30 
5439 5531 5538 5543 5572 5587    6 23 30 
5439 5530 5545    6 20 23 
5422    2 7 14 16 22 23 27 
5422 5579    2 23 27 
5422 5555    14 16 
5419    85 96 111 119 
5418    10 16 24 25 28 36 
5418 5524    10 16 36 
5418 5522    10 24 25 36 
5418 5450    16 25 
5413    96 115 157 
5412 5550    4 6 19 30 
5412 5550 5570    6 19 30 
5411    4 16 135 
5411 5625    4 135 
5411 5521    16 135 
5410    71 86 96 
5407    57 111 
5405    16 96 137 
5392    13 20 28 33 
5391    27 29 30 
5391 5568    29 30 
5390    9 16 23 34 
5390 5544    9 16 
5390 5524    16 23 34 
5390 5422 5450 5524 5529 5623    16 23 
5376    2 4 10 16 28 29 
5376 5579    2 4 10 28 
5376 5537    4 16 29 
5376 5529 5537 5568    16 29 
5376 5422    2 16 
5376 5418    10 16 28 
5376 5418 5547 5579    10 28 
5375    4 6 16 24 
5374    6 16 27 30 35 36 
5374 5595    6 30 35 36 
5374 5590    16 30 35 
5374 5587    6 27 30 35 
5374 5569 5587 5617    27 30 35 
5374 5524    16 35 36 
5374 5524 5590    16 35 
5374 5439 5538 5574 5587 5595    6 30 35 
5374 5439 5538 5569 5574 5587 5590 5595 5617    30 35 
5374 5418 5524 5529    16 36 
5373    2 4 6 27 30 
5373 5579    2 4 27 30 
5373 5422 5579    2 27 
5371    4 6 10 16 27 30 
5371 5590    10 16 30 
5371 5537    4 6 16 27 
5371 5376    4 10 16 
5371 5376 5418 5524 5544 5590    10 16 
5371 5374    6 16 27 30 
5371 5374 5568    6 16 30 
5371 5374 5537    6 16 27 
5371 5374 5422 5537    16 27 
5365    45 59 98 109 149 
5362    4 16 33 
5362 5524    16 33 
5359    9 11 21 25 26 
5358    2 6 14 22 23 31 
5358 5572 5587    6 14 23 
5358 5555 5572 5587 5595    6 14 
5358 5439 5530 5531 5538 5543 5545 5572 5587 5603 5623    6 23 
5358 5422    2 14 22 23 
5358 5422 5579    2 23 
5358 5373    2 6 
5353    98 108 149 
5353 5365    98 149 
5348    4 6 13 24 
5335    72 101 
5325    72 83 86 96 107 
5325 5546    86 107 
5320    82 120 
5315    73 119 
5309    83 94 96 
5305    47 68 161 
5297    4 6 16 19 
5297 5544 5567 5627    16 19 
5297 5412 5550    4 6 19 
5297 5371 5375 5537    4 6 16 
5297 5371 5374 5375 5537 5555 5568 5623    6 16 
5297 5362 5371 5375 5376 5411 5537    4 16 
5294    59 83 87 96 
5293    40 109 116 
5293 5564    40 109 
5292 5353    98 108 
5288    79 87 111 
5287    83 85 87 
5286 5355    3 19 
5280 5367    19 54 84 
5279    80 87 146 
5276    15 59 72 83 96 107 115 126 149 
5276 5528    72 83 96 126 
5276 5325 5541    72 83 96 107 
5276 5325 5528 5541    72 83 96 
5276 5325 5357 5541    83 96 107 
5276 5324    96 107 115 
5273    4 6 24 33 
5273 5362    4 33 
5273 5348 5375    4 6 24 
5273 5348 5375 5622    4 24 
5271    79 111 162 
5271 5288    79 111 
5270    59 83 96 121 
5270 5276 5294    59 83 96 
5270 5276 5294 5309 5325 5357 5528 5541    83 96 
5266 5456 5458 5564    64 98 
5265    96 139 
5262 5564    64 109 
5261    86 94 111 
5258    39 98 120 
5256    76 83 87 
5254    109 111 139 
5252    16 24 30 
5252 5375 5418    16 24 
5252 5371 5374 5568 5590    16 30 
5249    27 64 
5246    15 61 
5243    6 9 10 11 30 
5243 5555    6 11 
5243 5544    9 10 11 
5243 5449 5562    6 9 
5242    40 46 
5241    2 4 20 30 
5241 5373 5579    2 4 30 
5241 5373 5376 5579    2 4 
5235 5276    59 96 115 
5231    71 79 107 149 
5227    71 96 107 126 
5227 5354 5457    71 96 107 
5227 5311 5354 5408 5410 5457    71 96 
5227 5276 5554    96 107 126 
5227 5276 5324 5325 5354 5357 5457 5541 5548 5554    96 107 
5223    15 96 146 
5223 5276    15 96 
5215    50 57 114 129 
5210    3 8 
5205 5282    57 94 
5196    15 16 123 
5194    1 6 19 
5194 5567    1 19 
5194 5284 5530 5545 5591 5602 5636    1 6 
5189 5209 5227 5231 5354 5457    71 107 
5185 5194 5297 5412 5525 5550 5570 5633    6 19 
5181    45 72 73 78 84 
5179 5298    98 120 135 
5179 5258 5298    98 120 
5177    9 11 23 25 30 34 
5177 5569    23 30 34 
5177 5450    11 23 25 
5177 5439 5531 5538 5543 5569 5572 5579 5587 5617    23 30 
5177 5390    9 23 34 
5175    50 86 96 
5173    72 76 87 
5173 5256 5517    76 87 
5172    54 66 87 96 
5172 5455    54 96 
5172 5294 5457    87 96 
5168    57 107 
5166    101 111 
5165    18 94 
5162    4 6 13 27 28 34 
5162 5579    4 27 28 
5162 5569    13 27 34 
5162 5530    6 34 
5162 5392 5547    13 28 
5162 5376 5579    4 28 
5161    66 160 
5160    64 90 
5158    18 48 146 
5153 5235 5270 5276 5294    59 96 
5152    37 140 160 
5150    37 56 87 127 
5141    53 110 150 
5133    8 98 159 
5128    47 112 
5113    37 62 71 72 152 
5109    9 24 25 28 34 35 36 
5109 5522    24 25 35 36 
5109 5522 5619    25 35 
5109 5418    24 25 28 36 
5109 5418 5522    24 25 36 
5109 5177    9 25 34 
5109 5177 5390    9 34 
5109 5162    28 34 
5109 5162 5183 5376 5392 5418 5547 5579    28 
5108    100 120 122 
5090    51 58 119 
5088    45 59 116 
5083    22 135 151 
5078 5297 5412 5550    4 19 
5073 5435    85 86 96 
5073 5419 5435    85 96 
5073 5175 5325 5410 5435    86 96 
5068    139 162 
5067    80 123 162 
5064    81 134 
5061    15 40 
5051    52 66 81 
5050    89 101 102 122 131 
5039    66 117 127 
5008 5181    45 78 
4974    45 128 154 
4970    128 149 
4963    49 65 
4961    65 159 
4960    40 65 
4959    62 121 
4955    112 141 155 
4943    82 84 
4928    47 116 
4927    72 108 
4918    62 130 150 
4907    39 146 
4898    71 86 119 
4891    112 129 134 
4890    81 101 138 160 162 
4889    61 66 
4887    52 138 160 
4884    38 51 60 68 
4880    50 94 139 
4880 5277    94 139 
4874    40 97 
4867 5083    135 151 
4866    83 144 
4865 5253    84 90 98 139 
4864    72 79 83 107 109 125 149 
4864 5428 5442 5491    83 109 
4864 5276    72 83 107 149 
4859    51 99 100 139 140 
4856    40 120 
4855    41 140 
4851    51 121 132 153 
4848    15 122 
4844    37 73 148 
4843    84 159 
4841 5196    15 16 
4841 5187 5195 5196 5250 5252 5268 5278 5297 5362 5371 5374 5375 5376 5390 5405 5411 5418 5422 5437 5450 5521 5524 5527 5529 5537 5544 5555 5567 5568 5588 5590 5623 5627    16 
4840    132 138 153 
4840 4851    132 153 
4839    85 86 149 
4839 5073 5234 5435    85 86 
4833    46 52 62 101 102 130 
4833 4918    62 130 
4831    93 112 160 
4828    150 151 
4826    38 134 
4825    45 134 
4817 5227 5276 5554    107 126 
4813    52 63 92 
4808    73 126 
4801    66 102 144 
4801 5182    102 144 
4773    66 125 137 
4770    74 136 
4768    60 70 152 
4762    132 140 147 
4761    60 62 95 
4758    56 91 92 160 
4757    52 63 81 153 
4754    63 86 
4753    52 125 137 
4753 4773    125 137 
4752    53 93 
4743 4865 5253    84 90 98 
4738    112 146 
4736    41 72 125 160 162 
4715    77 123 129 
4714    53 80 156 
4713    71 75 
4707    37 38 56 71 72 152 
4707 5150    37 56 
4707 5113    37 71 72 152 
4704    84 85 102 125 
4703    135 138 152 
4698    100 141 
4694    84 146 
4687    4 99 134 
4683    52 75 81 125 
4679    46 47 53 
4677    69 146 
4672    51 55 112 131 147 155 
4672 5142    112 131 
4666    50 71 
4656    51 60 99 110 137 
4647    80 107 
4631    37 137 162 
4627    65 82 
4623    79 81 99 
4619    71 80 
4618    46 81 101 102 
4617    66 138 
4615    54 72 87 102 
4614    51 60 132 135 
4581    48 148 
4577    47 78 
4574    79 129 
4568    74 107 139 
4567    107 109 116 
4566    39 112 134 
4566 4575    39 112 
4541    46 52 81 123 
4540    90 91 
4538    62 81 100 152 
4538 5113    62 152 
4537    46 51 136 
4526 4773    66 125 
4517    100 143 
4514    8 11 19 
4514 5544    11 19 
4514 5133 5201 5210 5585 5607 5636    8 
4512    46 51 81 135 138 
4512 4614    51 135 
4510    40 122 
4508    98 142 
4501    74 137 
4499    43 100 
4488    58 159 
4487    39 155 
4486    93 103 
4478    119 121 
4457    87 110 157 
4447 4801    66 144 
4446    59 93 157 
4445    97 155 162 
4443    54 120 135 
4438    83 104 146 149 
4437    63 67 110 130 157 
4436    101 102 149 
4432    56 73 89 145 146 
4432 5264    73 145 
4430    37 87 137 
4429    122 141 151 
4425    86 89 128 
4415    56 62 101 102 138 
4415 4833    62 101 102 
4413    52 99 112 130 138 
4411    81 122 127 
4407    81 127 162 
4404    62 67 100 
4404 4538    62 100 
4402    75 94 
4400    114 144 146 
4395    87 97 98 
4393    52 122 151 
4392    46 101 123 
4388    50 123 162 
4387    82 90 93 156 
4382    59 61 146 
4381    91 120 
4377    52 91 122 
4375    97 146 149 
4375 4438    146 149 
4374    48 122 150 
4369    69 78 87 
4366    71 83 126 149 
4366 5276    83 126 149 
4366 5276 5528    83 126 
4365    101 123 159 
4363 4864    109 125 
4361    48 101 122 153 
4360    81 112 
4359    37 99 157 
4358    37 72 116 131 
4355    69 72 73 83 84 89 97 98 
4355 5528    72 83 84 
4355 5181    72 73 84 
4355 4743 4865 5253 5565    84 98 
4355 4432    73 89 
4352    84 110 
4351    60 72 98 119 
4348    51 59 105 136 
4348 4537    51 136 
4340    38 52 70 99 153 
4322    79 127 130 150 
4322 4918    130 150 
4318    41 46 101 102 138 151 
4314    74 134 
4310    37 60 70 99 
4310 4768    60 70 
4310 4340    70 99 
4308 4350    122 135 162 
4307    81 122 125 
4300    100 135 
4290    121 129 130 140 153 
4289    100 109 157 
4286    75 125 139 150 
4286 4683    75 125 
4284    77 98 
4282    98 154 
4273    143 154 
4261    41 51 85 93 138 
4259    51 54 72 83 107 125 159 
4259 4864    72 83 107 125 
4259 4864 5276 5325 5516 5541    72 83 107 
4254    37 70 95 
4245    93 138 151 
4245 4318    138 151 
4242    82 98 
4237    85 128 
4234    47 71 
4232    37 137 157 
4216    48 70 81 92 100 131 137 
4212    93 101 102 122 132 133 
4210    54 85 87 
4201    54 62 70 72 159 
4201 4863    62 159 
4201 4259    54 72 159 
4200    37 136 152 159 
4200 4707 5113    37 152 
4195    48 92 121 140 
4194 4720    39 117 
4191    100 117 123 
4173    72 85 87 
4169    125 151 160 162 
4169 4736    125 160 162 
4168    122 125 151 
4168 4393 4429    122 151 
4165    93 100 138 
4163    38 112 138 
4160    57 101 138 
4159    57 77 120 122 
4158    57 75 81 135 
4158 4512    81 135 
4149    46 80 
4133    72 90 154 
4130 5193    57 84 
4128    54 72 80 
4128 4205    54 80 
4115    51 125 132 
4114    51 60 141 
4113    51 99 138 
4112    68 101 123 150 
4111    46 57 81 160 
4111 4158    57 81 
4103    40 59 93 
4100    39 45 59 105 
4090    39 40 105 136 
4090 4106 4116    39 40 105 
4076    53 82 139 
4059    46 99 101 
4058    46 99 135 157 
4057    46 101 102 112 147 
4057 4672    112 147 
4056    41 46 122 123 150 153 
4056 5079    122 123 
4056 4112    123 150 
4050    95 149 157 
4046    59 125 
4033    46 123 134 
4032 4355 5181    72 73 
4022    62 93 136 
4017    37 144 
4016    38 57 152 
4016 4707    38 152 
4014    63 123 153 160 
4011    94 151 
4010    46 51 121 130 
4010 4851    51 121 
4010 4290    121 130 
4009    112 141 160 
4009 4955    112 141 
4008    48 121 137 153 
4005    37 38 123 127 
4005 5150    37 127 
4004    37 38 99 
4004 4340    38 99 
4004 4005 4707    37 38 
4003    79 100 112 123 127 
4003 4322    79 127 
4001    72 94 127 138 
4000    50 92 140 157 
3995    46 99 123 127 
3995 4058 4059    46 99 
3995 4003 4005    123 127 
3994    93 99 123 132 138 
3994 4807    123 138 
3992    51 99 159 
3990    54 120 137 159 
3990 4443    54 120 
3990 4201 4259    54 159 
3975    75 95 
3970    37 72 95 119 159 
3953 4163    38 112 
3951 4290    121 129 
3947 4212    93 102 122 
3936    114 127 151 
3935 4232 4430 4631    37 137 
3913    49 68 151 
3901    37 70 89 162 
3901 4631    37 162 
3900    101 137 138 160 162 
3900 4890    101 138 160 162 
3900 4533 4890    138 160 162 
3900 4533 4887 4890    138 160 
3900 4532    101 137 138 
3900 4354    101 137 160 
3900 4354 4532    101 137 
3898    38 41 54 72 95 
3898 4736    41 72 
3898 4707    38 72 
3895    42 73 
3894    142 156 
3885    37 75 
3877    38 52 84 114 132 137 
3877 5269    52 84 
3877 4753    52 137 
3877 4509    38 137 
3876    51 52 75 81 99 132 
3876 4683    52 75 81 
3876 4340 4413    52 99 
3876 4158 4683    75 81 
3874    40 144 
3860    47 90 93 
3854    89 90 
3853    74 90 93 
3848    45 90 124 
3848 3862    90 124 
3847    45 72 90 93 
3847 5181    45 72 
3833    68 122 132 138 162 
3833 3994 4006 4840    132 138 
3833 3900 4533 4890    138 162 
3825    43 70 162 
3819    45 90 98 
3819 3839 3847 3848 3863 4946    45 90 
3814    78 112 161 
3807 3833    68 122 
3803    52 101 135 138 
3802    38 69 120 138 
3802 4163    38 138 
3798    76 123 
3797    40 54 
3793    52 100 101 123 
3793 4112 4365 4392    101 123 
3793 4003 4191    100 123 
3792    37 70 101 
3791    121 140 157 162 
3777    41 99 101 150 
3777 4685    99 150 
3774    67 122 135 153 
3773 4076 4236    53 139 
3770    39 66 87 
3770 5172    66 87 
3770 4659    39 87 
3769    38 69 93 100 
3769 4165    93 100 
3769 3802    38 69 
3744    80 125 
3731    65 120 
3716    55 149 
3691 4974    45 154 
3684    43 159 
3678    51 72 157 159 
3678 4259    51 72 159 
3678 3992 4259    51 159 
3677 3970    37 72 159 
3677 3970 4200    37 159 
3676    71 72 95 157 159 
3676 4050    95 157 
3676 3970    72 95 159 
3676 3898 3970    72 95 
3676 3678    72 157 159 
3673    78 90 
3649    18 92 
3649 5158 5165    18 
3648    10 23 24 29 34 35 36 
3648 5620    10 24 34 35 
3648 5529    23 29 36 
3648 5524    10 23 34 35 36 
3648 5524 5620    10 34 35 
3648 5524 5569    23 34 35 
3648 5524 5529    23 36 
3648 5522    10 24 35 36 
3648 5522 5620    10 24 35 
3648 5522 5524    10 35 36 
3648 5439 5524    10 23 35 
3648 5439 5524 5538 5569 5587 5617    23 35 
3648 5439 5524 5531 5543 5572 5579    10 23 
3648 5439 5522 5524 5574 5590 5620    10 35 
3648 5418 5522    10 24 36 
3648 5418 5522 5620    10 24 
3648 5418 5522 5524    10 36 
3648 5376 5464    10 29 
3648 5177 5390 5524 5530 5569    23 34 
3648 5109    24 34 35 36 
3648 5109 5620    24 34 35 
3648 5109 5524    34 35 36 
3648 5109 5524 5569 5620    34 35 
3648 5109 5522    24 35 36 
3648 5109 5522 5584 5620    24 35 
3648 5109 5418 5522    24 36 
3648 5109 5252 5273 5348 5375 5418 5522 5581 5584 5620 5622 5635    24 
3648 5109 5162 5177 5390 5524 5530 5569 5610 5620    34 
3634 5573 5580    98 112 
3605 5150    56 87 
3602    47 68 132 162 
3602 3833    68 132 162 
3598    52 55 101 102 130 
3598 4833    52 101 102 130 
3595 3606    124 127 162 
3590    59 65 
3588 4884    38 51 
3564    43 99 
3540    55 129 
3517 3793    52 100 
3513 4105    39 77 
3498    40 129 
3497    41 99 123 125 130 153 
3497 4736    41 125 
3497 4413 5448    99 130 
3497 4185    99 125 
3497 4056    41 123 153 
3497 3994 3995    99 123 
3494 4057    46 112 
3487    51 75 124 
3487 3876    51 75 
3480 3521    50 53 
3458    39 53 152 
3442    42 144 
3434    89 100 
3423 5039    117 127 
3405    39 140 
3398    55 145 
3391 5580    45 98 148 
3374    50 55 
3368    42 72 
3360    46 52 101 102 138 
3360 4318 4712    46 101 102 138 
3360 4318 4415 4712    101 102 138 
3360 3803    52 101 138 
3360 3803 4413 4887    52 138 
3360 3803 3900 4160 4318 4415 4532 4712 4890    101 138 
3359    38 52 101 102 122 
3359 4377 4393    52 122 
3358    45 142 
3354    69 112 
3347    79 155 
3342    47 58 
3339    47 159 
3320 4351 4355    72 98 
3296    49 61 110 120 137 157 160 
3296 4232    137 157 
3296 3990    120 137 
3295    48 63 92 140 160 
3295 4813    63 92 
3295 4014    63 160 
3284    82 153 
3283 5137    101 125 
3279    68 141 162 
3273    46 51 53 60 62 
3273 4761    60 62 
3273 4679 5145    46 53 
3272 3360 4833    46 52 101 102 
3272 3359 3360 3598 4418 4833    52 101 102 
3270 3272 3360 4057 4318 4618 4712 4833    46 101 102 
3270 3272 3360 4057 4059 4318 4392 4618 4712 4833    46 101 
3269    4 21 29 35 36 
3269 5617    21 35 
3269 5376 5537    4 29 
3269 4516    4 21 
3269 4516 5289 5359 5532 5617    21 
3269 3648    29 35 36 
3269 3648 5529    29 36 
3267    51 56 60 99 
3267 4656    51 60 99 
3266 3900 4890    101 160 162 
3265    51 81 99 100 
3265 4859    51 99 100 
3265 4859 5132    99 100 
3265 4216 4538    81 100 
3265 3876    51 81 99 
3265 3876 4623    81 99 
3263 4290    121 140 153 
3263 4008 4290 4851    121 153 
3259    46 51 60 123 137 153 
3259 4851    51 153 
3259 4656    51 60 137 
3259 4056    46 123 153 
3259 3273    46 51 60 
3259 3267 3273 4026 4114 4614 4656 4884    51 60 
3253    93 135 152 
3253 4703    135 152 
3251    41 52 152 
3243 4133    72 154 
3223    59 141 
3215 5181    73 78 
3214    71 73 
3208 4971 4974    128 154 
3189    79 141 162 
3187    124 158 
3182    112 144 
3177    95 120 
3160    41 124 
3158 3927 3994 4397    93 123 
3157    91 158 
3155    50 146 
3152    79 84 
3150    63 80 
3148    59 93 126 
3148 4396 5276    59 126 
3146    135 159 
3143    84 161 
3142    79 126 149 
3130    89 121 122 140 
3130 5050    89 122 
3130 3263 3791 4195 4290    121 140 
3121    50 68 
3104    55 146 
3103    75 149 
3097    36 47 68 
3097 3602 5305    47 68 
3090    127 150 152 
3090 4322    127 150 
3086 4865 5253    98 139 
3083    94 104 
3080    45 71 
3079 3994 4113 4413    99 138 
3075    44 
3069    42 90 
3068    93 94 105 
3047    55 107 147 
3044    58 106 143 
3035 4514 5078 5185 5194 5274 5280 5285 5286 5297 5350 5355 5367 5412 5444 5525 5544 5547 5550 5553 5567 5570 5601 5605 5614 5624 5627 5632 5633 5637    19 
3034    83 87 97 146 
3034 4438    83 146 
3031    76 102 
3028    82 97 105 149 
3014    91 93 143 
3013 4757 4813    52 63 
3007    40 132 162 
2982    75 162 
2976    85 94 
2970    108 116 124 
2969    58 69 90 97 
2969 4355    69 97 
2958    109 145 
2948    61 93 102 
2943    75 107 
2928    37 51 157 
2909 4432    73 146 
2884    98 118 
2879    53 66 
2877    92 101 102 159 160 
2877 4365    101 159 
2872    65 147 
2869    41 52 80 93 150 
2869 4261    41 93 
2869 3777 4056    41 150 
2868    12 22 
2868 5450 5466 5530 5573 5584 5604 5611 5631 5636    12 
2857    47 59 82 
2849    49 53 100 
2843    72 87 128 
2842 4226    98 124 
2831    41 130 160 
2831 3497 4525    41 130 
2828    75 129 134 
2824    92 122 160 162 
2824 4349    122 160 162 
2814    140 141 153 
2810    47 131 
2802    75 127 
2801    15 156 
2799    54 59 142 
2798    92 112 138 
2798 4163 4413    112 138 
2796    105 141 
2795    46 60 81 125 138 
2795 4512    46 81 138 
2795 4512 4890    81 138 
2795 4307 4683    81 125 
2795 4111 4154 4512 4541 4618    46 81 
2795 3259 3273    46 60 
2784    72 87 149 
2780    92 101 130 
2780 2877 5197    92 101 
2778    122 125 134 141 153 160 
2778 4429    122 141 
2778 4168 4307    122 125 
2778 4009    141 160 
2778 3497    125 153 
2778 2814    141 153 
2766    78 98 
2765    54 71 72 83 86 97 149 
2765 5325    72 83 86 
2765 4898 5410    71 86 
2765 4380    54 71 83 
2765 4366    71 83 149 
2765 2951    54 97 149 
2763    107 141 
2748    75 137 
2735 4289    100 157 
2728    80 135 
2714    125 129 
2712    66 124 
2707    100 127 160 
2707 4003    100 127 
2704    42 62 
2701 2765 5542    71 72 149 
2698    50 97 149 
2698 2765 2951 3028 4151 4375    97 149 
2697 5271    111 162 
2697 5166 5254 5261 5271 5288 5407 5419 5516    111 
2688    92 110 130 
2688 4437    110 130 
2649 4286    75 139 
2644    97 126 
2637    38 42 
2631    107 154 
2621    80 112 134 
2619    48 112 123 130 153 
2619 4012    112 123 130 153 
2619 4003 4012 4217    112 123 
2619 3492 3497 4012    123 130 153 
2619 3259 3492 3497 4012 4014 4056    123 153 
2618    37 62 87 
2618 4430 5150    37 87 
2617 4615    54 72 87 
2613    107 119 
2608    123 129 134 
2608 4033    123 134 
2601    67 92 140 153 160 
2601 4007    92 140 153 
2601 3774    67 153 
2601 3295    92 140 160 
2589    59 72 97 121 
2586 4076    82 139 
2585    39 121 
2581 4445    155 162 
2574    52 125 151 
2574 4393    52 151 
2574 4168 4169    125 151 
2563    4 6 10 13 20 27 30 
2563 5602    4 6 20 27 30 
2563 5574    6 10 13 30 
2563 5569    13 27 30 
2563 5569 5574    13 30 
2563 5547 5574    10 13 
2563 5439    6 10 20 30 
2563 5439 5602    6 20 30 
2563 5439 5449 5530 5545 5555 5585 5602    6 20 
2563 5392    13 20 
2563 5371 5531 5543    4 6 10 27 30 
2563 5371 5531 5543 5579    4 10 27 30 
2563 5371 5531 5543 5572    6 10 27 30 
2563 5371 5531 5543 5572 5579    10 27 30 
2563 5371 5376 5531 5543 5579    4 10 
2563 5371 5373 5531 5543 5602    4 6 27 30 
2563 5371 5373 5531 5543 5579 5602    4 27 30 
2563 5371 5373 5412 5415 5531 5543 5550 5602    4 6 30 
2563 5371 5373 5374 5531 5543 5572 5587 5602    6 27 30 
2563 5371 5373 5374 5391 5531 5543 5569 5572 5579 5587 5602 5617    27 30 
2563 5243 5371 5439 5531 5543 5572 5574    6 10 30 
2563 5243 5371 5439 5531 5543 5572 5574 5579 5590    10 30 
2563 5243 5371 5373 5374 5412 5415 5439 5531 5538 5543 5550 5568 5570 5572 5574 5587 5595 5602    6 30 
2563 5241 5602    4 20 30 
2563 5241 5439 5602    20 30 
2563 5241 5371 5373 5412 5415 5531 5543 5550 5579 5602    4 30 
2563 5162    4 6 13 27 
2563 5162 5569    13 27 
2563 5162 5371 5373 5531 5537 5543 5602    4 6 27 
2563 5162 5371 5373 5374 5531 5537 5543 5572 5587 5602    6 27 
2563 5162 5348    4 6 13 
2563 5162 5348 5574 5603    6 13 
2563 5162 5348 5392 5547 5569 5574 5603 5616    13 
2563 5162 5273 5297 5348 5371 5373 5375 5412 5415 5531 5537 5543 5550 5602 5606    4 6 
2563 5162 5178 5185 5194 5243 5273 5284 5296 5297 5348 5358 5371 5373 5374 5375 5412 5415 5439 5449 5525 5530 5531 5537 5538 5543 5545 5550 5555 5562 5568 5570 5572 5574 5585 5587 5591 5595 5602 5603 5606 5623 5633 5636    6 
2563 3648 5243 5371 5376 5418 5439 5464 5522 5524 5531 5543 5544 5547 5572 5574 5579 5590 5620    10 
2554    125 146 
2552    49 91 
2544    94 124 
2536    54 84 119 
2533    68 153 162 
2528    84 105 
2499    81 122 140 160 
2499 4307 4411    81 122 
2490    58 146 
2472    71 137 
2470    74 89 92 
2466 4357    77 93 
2457 3014    91 93 
2452    41 52 101 153 
2452 4340 4757    52 153 
2452 2869 3251    41 52 
2447    101 102 122 130 140 
2447 3598 4833    101 102 130 
2447 3359 4212 5050    101 102 122 
2447 3359 4212 4337 4361 5050    101 122 
2447 3359 3947 4212 5050    102 122 
2447 2780 3598 4833    101 130 
2447 2499 3130    122 140 
2426    46 57 90 
2426 4111 5352    46 57 
2407 3082 3972 4076    53 82 
2405    74 77 
2403 4831    93 112 
2400    70 89 137 140 
2400 3901    70 89 
2400 3130    89 140 
2391 4719    117 141 
2390    83 87 97 107 
2390 5457 5546    87 107 
2389    58 59 97 
2389 2746 2969    58 97 
2376    50 129 134 
2376 5215    50 129 
2374    43 104 107 
2371    51 72 125 149 
2371 4864    72 125 149 
2371 4259    51 72 125 
2371 3678 4259    51 72 
2370    84 162 
2369    146 154 157 
2364    53 54 116 
2362    99 112 137 153 
2356    63 67 100 112 
2356 4404    67 100 
2356 4003    100 112 
2352    53 81 
2341    121 134 154 
2334 2524    82 124 
2330    75 97 
2326    63 114 134 
2321    58 142 
2315    38 52 59 60 109 
2315 4884    38 60 
2309    57 124 135 
2303    87 97 139 
2295    99 141 157 
2258 4715 5340    77 123 
2257    90 136 
2255    50 70 94 157 
2238    51 57 
2235    75 84 
2229 4432    56 73 
2225 4155 4388 5067    123 162 
2222    59 73 148 
2222 4844    73 148 
2222 3693    59 73 
2221    48 92 140 157 
2221 4000    92 140 157 
2221 3295 4195    48 92 140 
2221 2601 3295 4000 4007 4195    92 140 
2217    59 135 
2215    42 46 129 134 
2213    45 47 73 98 
2213 5475    45 73 98 
2213 3818    47 98 
2213 3186 4355 5475    73 98 
2207    70 123 160 
2198    72 83 87 
2189 4090    39 40 136 
2176 2765    54 71 97 
2176 2765 4380 5055    54 71 
2176 2765 2951    54 97 
2170 3047    107 147 
2163    59 72 80 93 
2163 2869    80 93 
2163 2322 3847    72 93 
2160    83 95 107 
2159 3994 4165 4245 4261    93 138 
2154    41 77 101 102 160 
2154 4318    41 101 102 
2154 2877    101 102 160 
2154 2877 3266 3900 4354 4356 4890    101 160 
2154 2831 4736    41 160 
2150    113 161 
2116    54 98 116 
2106    78 119 149 
2106 3343    78 119 
2103    58 61 80 
2099    84 131 135 
2092    85 126 
2078 3543 5305    47 161 
2077 2801 4702 4841 4848 5061 5186 5188 5196 5222 5223 5224 5236 5246 5276 5618 5635    15 
2076    121 139 
2057    131 155 157 
2057 2404 4622 4672    131 155 
2050    83 87 128 
2050 2843    87 128 
2048    83 87 97 104 
2048 4438    83 104 
2048 2448    97 104 
2048 2390 3034    83 87 97 
2048 2303 2390 3034 4395    87 97 
2038    39 59 93 105 136 
2038 4348    59 105 136 
2038 4090 4101    39 105 136 
2038 4090 4101 4102 4348    105 136 
2038 4022    93 136 
2038 3531 4100 4107    39 59 105 
2038 3531 4100 4107 4110 4348 5458    59 105 
2038 3383 4348    59 136 
2038 3068    93 105 
2038 2189 4090 4101    39 136 
2036 3019    54 75 
2033    41 46 62 138 
2033 4157 4318    41 46 138 
2033 4157 4261 4318 4419    41 138 
2033 4056 4157 4318    41 46 
2031    120 127 
2022 4521    102 129 
2019 3255 3539 3602 4495    47 162 
2008 2611    76 80 
2003    51 66 95 151 
1989    124 161 162 
1989 3595 3606 3610 3623    124 162 
1983    46 59 114 
1983 2302    46 114 
1976 2975    139 147 
1973    48 63 137 153 
1973 4014 4757    63 153 
1973 4008    48 137 153 
1973 2619 3594 4008 4361    48 153 
1970    67 99 120 
1969    104 162 
1967    37 55 97 107 109 
1967 3047    55 107 
1963    47 99 
1959    97 122 162 
1959 4445    97 162 
1955    46 55 61 
1955 4894    46 61 
1953    2 9 11 25 26 30 33 
1953 5359    9 11 25 26 
1953 5359 5522    25 26 
1953 5359 5522 5603    26 
1953 5273 5362 5392 5524    33 
1953 5241 5373 5579    2 30 
1953 5177    9 11 25 30 
1953 5177 5359    9 11 25 
1953 5177 5359 5450    11 25 
1953 5177 5243    9 11 30 
1953 5109 5177 5359 5607    9 25 
1953 2563 5177 5241 5243 5252 5371 5373 5374 5391 5412 5415 5439 5531 5538 5543 5550 5568 5569 5570 5572 5574 5579 5587 5590 5595 5602 5617    30 
1951    74 145 
1950    49 93 
1947    131 145 
1937    42 51 
1930 4459    120 142 
1925 4457    87 157 
1906    48 96 
1895 2698    50 97 
1893    39 99 
1892 2374    43 104 
1889    51 82 89 125 141 
1889 4114    51 141 
1889 2778    125 141 
1889 2371 4115 4259    51 125 
1877    59 129 
1876    92 94 112 129 130 153 160 
1876 4891    112 129 
1876 4290    129 130 153 
1876 2798    92 112 
1874    42 58 59 
1871    113 143 
1869    50 84 116 133 139 
1869 4865 5253    84 139 
1867    116 128 
1848    63 67 101 157 
1847 3068    93 94 
1842    121 146 
1834    40 53 146 
1814    63 67 150 
1812    146 162 
1801    62 155 
1799 3093    120 136 
1796    75 114 
1789    50 80 104 121 
1786    37 51 99 
1786 2928    37 51 
1784    122 135 153 160 
1784 3774    122 135 153 
1784 2778    122 153 160 
1784 2778 3774 4056 4361    122 153 
1771    57 93 
1770    40 82 107 
1750    135 160 161 162 
1747    45 119 
1741 4369    69 78 
1724    80 159 
1719 3194    48 77 
1709    48 63 137 140 
1709 3295    48 63 140 
1709 2221 3295 4195    48 140 
1709 1973    48 63 137 
1709 1973 3295    48 63 
1705 2213    47 73 
1702    52 124 
1700    59 112 
1689 2213 3202 5181 5393 5475    45 73 
1685    39 42 156 
1684    97 129 
1676    76 89 119 126 
1659    87 159 
1658 3047 4672    55 147 
1656    83 94 97 
1656 5309    83 94 
1656 5054    94 97 
1644 2765 4259 5233    54 72 83 
1627    59 124 
1619 3921    120 131 
1594    66 96 115 149 
1594 5172    66 96 
1570    55 87 131 
1570 4672    55 131 
1570 3542    87 131 
1561    90 98 105 
1561 1612 2079 3732 3742    90 105 
1549    41 48 110 137 
1549 3296 4656    110 137 
1534 1876 2601    92 153 160 
1534 1876 2601 4007    92 153 
1534 1876 2601 2824 2877 3295 4758    92 160 
1532    50 63 127 157 
1532 2255 4000    50 157 
1528 2701 2765 4366 5231 5542    71 149 
1523    85 104 
1520    92 161 
1514 3296    61 120 
1507    109 128 
1500    53 62 144 
1495    50 94 127 
1495 4001    94 127 
1495 2255 4880    50 94 
1495 1532    50 127 
1489 4529    98 136 
1481 2038 3531 4090 4100 4101 4106 4107 4116    39 105 
1473    77 79 
1472 4387    82 93 
1471    80 134 162 
1471 5067    80 162 
1467    63 67 112 130 140 
1467 4437    63 67 130 
1467 2601    67 140 
1467 2356    63 67 112 
1467 2356 4528    67 112 
1467 1709 3295    63 140 
1463    51 70 140 155 157 
1463 4859    51 140 
1463 4672    51 155 
1463 2400 3938    70 140 
1463 2255    70 157 
1463 2057    155 157 
1457 2765    71 72 83 97 
1457 2765 5417    71 72 83 
1457 1576 2765 4355 4480    72 83 97 
1457 1576 2589 2765 4355 4480    72 97 
1454    37 55 94 99 
1454 1967    37 55 
1454 1786 4004 4310 4359    37 99 
1450 5534    58 59 61 
1450 3278 4382 5534    59 61 
1450 2103 5534    58 61 
1450 1874 2389 2939 5534    58 59 
1442    50 66 134 
1442 3915    50 66 
1442 2376 4148    50 134 
1439    40 78 79 87 116 
1439 5293    40 116 
1439 5288    79 87 
1439 4369    78 87 
1439 3191    40 78 
1439 2021    40 79 
1434 4090 4106 4116    40 105 
1433    99 140 157 
1433 4859    99 140 
1433 2295 4058 4359    99 157 
1433 1463 2221 3791 4000    140 157 
1415    80 129 134 
1415 1471 2621    80 134 
1414    48 78 
1399    50 57 75 
1399 5074 5215 5378 5438 5518    50 57 
1399 2482    50 75 
1392    66 97 139 
1392 2303    97 139 
1387 3791    121 157 
1385 3853 3865    74 90 
1384    1 17 20 22 31 32 
1384 5619    22 32 
1384 5552 5619    32 
1384 5530 5545 5602    1 20 
1384 5358    22 31 
1384 5194 5284 5304 5530 5545 5567 5591 5602 5620 5635 5636    1 
1384 2563 5241 5392 5439 5449 5530 5545 5555 5585 5593 5602    20 
1383    52 72 75 87 
1383 3876 4683    52 75 
1377    43 55 160 
1376    50 79 147 
1368 1464 1904 2326 4789    114 134 
1366    52 81 104 
1366 3876 4541 4683 4757 5051    52 81 
1366 2997    81 104 
1360    77 122 129 
1360 4159    77 122 
1360 1885    122 129 
1355    40 58 
1351    2 9 11 31 35 36 
1351 5522    31 35 36 
1351 5358    2 31 
1351 5109    9 35 36 
1351 3269 3648 5109 5374 5522 5524 5595 5611    35 36 
1351 3269 3648 5109 5374 5439 5522 5523 5524 5538 5569 5574 5584 5587 5590 5595 5611 5617 5619 5620    35 
1351 3097 3269 3648 5109 5169 5374 5418 5522 5524 5529 5539 5595 5611    36 
1351 1953    2 9 11 
1351 1953 5241 5358 5373 5376 5422 5579    2 
1351 1953 5177 5243 5359 5544    9 11 
1351 1953 5109 5177 5243 5359 5390 5403 5449 5535 5544 5562 5607    9 
1351 1953 4514 5177 5243 5359 5450 5544 5555 5561 5597    11 
1351 1384 5358 5522    31 
1345 1423 2038 2097 2163 2266 2794 3078 3148 4103 4446    59 93 
1333    52 101 104 
1333 2452 3272 3359 3360 3598 3793 3803 4418 4833    52 101 
1333 1366    52 104 
1318 3777 4112    101 150 
1312    77 143 
1304 1764 2778    125 134 
1303 1855 3265 3876 4512    51 81 
1301 1967    55 97 
1300 2563 5162 5371 5373 5531 5537 5543 5579 5602    4 27 
1300 2563 3269 4516 4687 5078 5155 5162 5241 5273 5297 5348 5362 5371 5373 5375 5376 5381 5411 5412 5415 5531 5537 5543 5550 5563 5579 5602 5606 5622 5625    4 
1287    67 69 
1285    93 129 139 
1282    5 7 14 22 23 25 27 
1282 5422    7 14 22 23 27 
1282 5422 5587    7 14 23 27 
1282 5422 5538 5587    7 23 
1282 5422 5525 5538 5550 5570 5587 5609    7 
1277 3189 3209 3279 3285    141 162 
1275    98 113 133 148 
1269    51 99 112 132 137 161 162 
1269 4672 4676    51 112 
1269 4656    51 99 137 
1269 3877    132 137 
1269 3876    51 99 132 
1269 3876 4115 4614 4851    51 132 
1269 3876 3994    99 132 
1269 3814    112 161 
1269 3259 4656    51 137 
1269 2362    99 112 137 
1269 2362 4656    99 137 
1269 2362 4409 4413    99 112 
1269 1786 3265 3267 3823 3876 3992 4113 4656 4859    51 99 
1260    83 97 121 
1260 1457 1576 1656 1791 2048 2390 2765 3034 4355 4480    83 97 
1257 5051    52 66 
1252 2228 4173 4210 4827 5287    85 87 
1249    72 122 162 
1249 4736    72 162 
1248 1440    120 143 
1227    108 148 
1221 2027 5191    57 162 
1220    50 80 87 
1220 5157    50 87 
1201    57 67 127 136 157 
1201 1532    127 157 
1198    49 142 144 
1198 1560 2815    49 144 
1194 1532    50 63 
1174    74 82 159 
1165 5258    39 120 
1163 3793 4541    52 123 
1161    39 80 156 
1161 4714    80 156 
1161 1685    39 156 
1160    39 62 84 
1154 3142    79 126 
1150    144 162 
1148    72 112 159 
1146    57 62 120 122 135 138 157 
1146 5625    57 120 135 
1146 4333    57 122 138 
1146 4160 4333    57 138 
1146 4159    57 120 122 
1146 4159 5108    120 122 
1146 4159 4333    57 122 
1146 4058    135 157 
1146 3833 4333    122 138 
1146 3803 4512 4703    135 138 
1146 3802    120 138 
1146 3414 5275    62 120 
1146 3296    120 157 
1146 3159 4159 4161 5625    57 120 
1146 2912    62 122 
1146 2309 4158 5625    57 135 
1146 2033 4415    62 138 
1146 1784 3774 4244 4308 4350    122 135 
1146 1201 2324    57 157 
1138    79 97 
1122 2621 3683 4021 4566 4708 4891    112 134 
1119 2778    122 134 
1112    57 75 146 
1112 3311 4176    57 146 
1112 1399 1431 4158 4616    57 75 
1107    78 83 
1091 2970    108 124 
1089 1716    103 116 
1080    37 90 
1079    121 147 
1072    45 109 116 
1072 5365    45 109 
1072 4567 5293    109 116 
1068 1518 4791 5258    39 98 
1057    110 159 
1051    83 84 128 
1051 4355 5528    83 84 
1051 3248 3433 5565    84 128 
1051 2050 2067    83 128 
1047    46 121 123 
1047 4010 5332    46 121 
1047 2299 3259 3292 3995 4033 4056 4392 4541    46 123 
1047 1319    121 123 
1041 2603    66 129 134 
1041 1442 2603    66 134 
1037    63 75 90 
1033 1064 1308 1605 2038 2770 2834 3528    39 93 
1029    123 125 160 
1029 3497    123 125 
1029 2778 4135 4169 4736    125 160 
1029 2207 4014    123 160 
1022    46 141 
1021 1869 2104 4880    50 139 
1020 1561 3120 3870 4283 4668 4933 5458    98 105 
1017    38 55 81 160 162 
1017 4890    81 160 162 
1017 4407 4890    81 162 
1017 2499 4111 4890    81 160 
1017 1750 2824 3266 3900 4169 4349 4370 4533 4736 4890    160 162 
1015 3331 3334 4881    93 142 
1013    74 122 
1008    72 131 159 
1008 4358    72 131 
1008 1148 3676 3677 3678 3968 3970 4201 4259    72 159 
1002 1272 1810 1834 3491 3506    40 53 
996    56 71 72 112 119 136 157 
996 4707    56 71 72 
996 3676 5542    71 72 157 
996 1201    136 157 
996 1148 5129    72 112 
988    87 89 145 
988 4432    89 145 
983    83 87 121 
983 1260 5270    83 121 
979    48 74 
975    39 90 
949 1521 4100    45 105 
947 2540    91 144 
946    40 50 69 77 
945 3020    76 97 
944 2366    47 142 
931    79 98 109 148 
931 4506    109 148 
931 2922    79 98 109 
931 2922 5365 5540 5564    98 109 
931 1053 1195 1275 2351 3391 5580    98 148 
925 4182    57 61 76 
910    58 112 
903 5276    96 115 126 149 
903 5227 5276 5310 5528 5554    96 126 
903 3142 4366 5276    126 149 
903 1594 5276    96 115 149 
899    48 75 79 
899 4701    48 79 
898    101 120 135 
898 3803    101 135 
888    3 59 
888 5170 5210 5286 5355 5540    3 
880 958 1322 2200 4281 4524 4821 5005 5160 5249 5262 5266 5283 5295 5399 5456 5458 5480 5549 5564 5589 5639    64 
870    85 97 107 
870 1967 2390    97 107 
868    48 121 162 
868 3791    121 162 
866    50 59 76 
858    71 119 148 
858 2506 3671 3694    119 148 
856 3044    106 143 
854    93 106 122 132 160 
854 5110    93 132 160 
854 4831 5110    93 160 
854 4212    93 122 132 
854 3994 4212 5110    93 132 
854 939 1326 3923 3947 4212    93 122 
851 3847 4133    72 90 
849    71 83 157 
849 1457 1773 2765 4366 4380 5417    71 83 
849 996 3676 5542    71 157 
843    75 147 
831 3147    43 85 
829    107 114 
823    124 141 
822    54 83 86 125 149 
822 4864    83 125 149 
822 4259    54 83 125 
822 4259 4864    83 125 
822 2765    54 83 86 149 
822 2765 5325    83 86 
822 2765 4839    86 149 
822 2765 2951    54 149 
822 2475 2765    54 86 
822 2371 4864    125 149 
818 1403 1793 2617 4210 4615 5172 5639    54 87 
817 1837    88 154 
815 1585 2226 4156 5200    46 120 
799 4452    82 116 
794    84 86 87 
794 4463 4479 5546    86 87 
793    48 56 112 157 
793 2619    48 112 
793 2221    48 157 
793 996    56 112 157 
791    82 142 
790    87 141 158 
790 1435    141 158 
789    78 109 
784 3034 4375    97 146 
778    105 142 
776    142 148 
771    41 62 99 101 153 
771 4415 4833    62 101 
771 3777    41 99 101 
771 3497    41 99 153 
771 3497 3777    41 99 
771 2452    41 101 153 
771 2452 4361    101 153 
771 2452 3497 4056    41 153 
771 2362 3497 4340    99 153 
771 2154 2452 3777 4318    41 101 
771 2033    41 62 
765    53 59 98 
765 2110 2216    53 59 
762    59 108 
752 4137    77 97 
750 1919    71 85 
737    45 84 87 116 
737 5021 5181    45 84 
737 1439 2643    87 116 
737 1072 5088    45 116 
737 794 2024    84 87 
728    88 90 116 
726    137 154 
725    124 133 
723 1458 1649 1652 3776 4730 5149    53 91 
717 2213 2979 3228    45 47 
712    54 83 107 108 
712 4259    54 83 107 
712 2160 2390 4259 4609 4864 5276 5325 5357 5516 5541    83 107 
701    60 89 
691 1639 4382    59 146 
690    63 67 110 122 161 162 
690 4437    63 67 110 
690 4410    63 122 
690 3774    67 122 
687 733 812 979 1013 1087 1104 1174 1290 1385 1419 1836 1951 2208 2278 2405 2439 2467 2470 2474 2721 2760 2776 3422 3853 3865 3954 4220 4314 4493 4501 4568 4770 4916    74 
677 1449    46 156 
676    46 79 94 134 
676 3141    94 134 
667 4366 5227    71 126 
666 1848 4437    63 67 157 
666 1532 1848 4437    63 157 
661    82 105 156 
661 2559 3028    82 105 
660    46 51 68 92 130 138 
660 4884    51 68 
660 4512    46 51 138 
660 4413    130 138 
660 4113 4261 4512    51 138 
660 4010    46 51 130 
660 4010 4833    46 130 
660 3833    68 138 
660 3259 3273 4010 4512 4537    46 51 
660 2798    92 138 
660 1876 2688 2780    92 130 
660 1838 2033 2795 3360 4157 4318 4512 4712    46 138 
660 1146 1838 2033 2159 2795 2798 3079 3360 3802 3803 3833 3900 3994 4001 4006 4113 4157 4160 4163 4165 4245 4261 4318 4333 4413 4415 4419 4512 4532 4533 4617 4703 4712 4807 4840 4887 4890    138 
659    80 143 
655    72 94 147 
648    137 149 
636 1657 2698    50 149 
633    52 72 86 
633 2765 5325    72 86 
633 696 794 811 822 909 2475 2765 4139 4425 4427 4463 4479 4754 4766 4839 4898 4910 5073 5175 5234 5261 5325 5410 5435 5546    86 
628    39 40 59 149 
628 3413 4103    40 59 
628 1759 3438    39 40 149 
628 773 1437 2038 3531 4087 4088 4100 4107    39 59 
628 714 835 895 1695 1759 2189 2973 3438 4090 4106 4116 4119    39 40 
625 632 2608 4715    123 129 
623 996    71 72 119 
623 996 1843 3970 4351 4464    72 119 
623 996 1457 2701 2765 2984 3667 3676 3715 3720 4209 4707 5113 5230 5302 5417 5542    71 72 
621    54 72 94 
619 4387    82 90 
618    85 114 
614    59 90 144 
614 927 3730 3840 4263    59 90 
611    37 78 79 95 112 148 149 
611 5580    112 148 
611 4844    37 148 
611 3970 4254    37 95 
611 3887    37 112 
611 2304    78 79 112 
611 2304 3814    78 112 
611 2106    78 149 
611 1993 4050    95 149 
611 1242 2304 4003    79 112 
611 1238 1993 2003 2160 3125 3177 3676 3898 3970 3975 4050 4254 4571 4761 5540    95 
611 931    79 148 
611 703 1623    148 149 
611 652 1439 2304    78 79 
602    5 14 22 23 25 27 29 
602 5464    22 29 
602 5391 5537    27 29 
602 3648 5529    23 29 
602 3269 3648 5376 5391 5451 5464 5529 5537 5568    29 
602 1282    5 14 22 23 25 27 
602 1282 5619    22 25 
602 1282 5466    5 
602 1282 5422    14 22 23 27 
602 1282 5422 5572 5587    14 23 27 
602 1282 5422 5531 5543 5569 5572 5579 5587 5617    23 27 
602 1282 5358 5422    14 22 23 
602 1282 5358 5422 5572 5587    14 23 
602 1282 5358 5422 5555 5572 5587 5595    14 
602 1282 5177 5450    23 25 
602 1282 3648 5177 5211 5248 5358 5390 5422 5439 5450 5524 5529 5530 5531 5538 5543 5545 5552 5569 5572 5579 5587 5603 5617 5623    23 
602 1282 1953 5109 5177 5312 5359 5418 5450 5522 5607 5619    25 
602 1282 1384 2868 5083 5358 5422 5464 5619    22 
602 1282 1300 2563 5162 5249 5371 5373 5374 5391 5422 5531 5537 5543 5569 5572 5579 5582 5587 5602 5617    27 
594    72 80 87 
594 2163 4128    72 80 
594 1383 2198 2487 2617 2784 2843 4173 4615 5173    72 87 
594 1220 2005 3933 5176 5279    80 87 
591    39 135 
582    50 51 130 
582 660 4010    51 130 
570    66 90 
563    43 161 
558    42 59 107 116 
558 5088    59 116 
558 4567    107 116 
558 1874    42 59 
557 2970    108 116 
555 617 969    116 148 
554 1269 1758 2468 3007 3602 3833    132 162 
550 628 873 1759 3438    39 149 
544 580    78 108 
543 3247    98 141 
540    102 135 160 
540 2154 2396 2877    102 160 
540 1750 1784    135 160 
538 1483    120 135 162 
538 711 1432 1483 1750 2061 3490 4308 4350    135 162 
538 548 1483    120 162 
537 2033 3273 4833    46 62 
531    112 130 137 140 153 160 
531 4290    130 140 153 
531 3296 3900 4354    137 160 
531 2601    140 153 160 
531 2601 2814 3263 4007 4290    140 153 
531 2499 2601 3295 5152    140 160 
531 2362    112 137 153 
531 1973 2362 3259 4008    137 153 
531 1876    112 130 153 160 
531 1876 2831    130 160 
531 1876 2619 4012    112 130 153 
531 1876 2619 3492 3497 4012 4290 4845    130 153 
531 1876 2362 2619 4012    112 153 
531 1709 2400 4406    137 140 
531 1534 1784 1876 2601 2778 4014    153 160 
531 1467    112 130 140 
531 1467 2447 4290    130 140 
531 1098 1467 1876 2619 4012 4413    112 130 
531 598 1134 1433 1463 1467 1709 2221 2400 2447 2499 2601 2814 3130 3249 3263 3295 3405 3418 3791 3938 4000 4007 4195 4290 4406 4423 4442 4762 4855 4859 5152    140 
524 681    79 104 
523    60 99 101 
523 3267 4310 4656    60 99 
523 771 3777 4059    99 101 
523 701 2315 2795 3259 3267 3273 4026 4114 4310 4351 4614 4656 4761 4768 4884    60 
521 2154    77 160 
510    37 59 62 72 76 79 107 109 149 157 
510 5542    72 149 157 
510 5365    59 109 149 
510 5276    59 72 107 149 
510 5173    72 76 
510 4864    72 79 107 109 149 
510 4864 5365    109 149 
510 4864 5276    72 107 149 
510 4864 5231    79 107 149 
510 4864 5231 5276    107 149 
510 4446    59 157 
510 4289    109 157 
510 4259 4864 5276 5325 5516 5541    72 107 
510 4050 5542    149 157 
510 3967    37 62 72 149 
510 3967 5113    37 62 72 
510 3967 4201 5113    62 72 
510 2618 3967 5113    37 62 
510 2315 3427 5365    59 109 
510 1967    37 107 109 
510 1967 4567 4864    107 109 
510 1146    62 157 
510 931 2922 4864 5314    79 109 
510 866    59 76 
510 637 4864 5231    79 107 
510 611    37 79 149 
510 611 3142 4465 4864 5231    79 149 
510 558 5276    59 107 
503 4058 4512    46 135 
501    72 94 157 
501 2255    94 157 
501 621 655 4001    72 94 
500    55 112 132 157 160 
500 3296    157 160 
500 1269 3886    112 132 
500 1017 1377    55 160 
500 793 996    112 157 
500 531 1876 4009 4831    112 160 
494    55 112 137 162 
494 1269    112 137 162 
494 1269 3448    112 162 
494 1017 1911    55 162 
494 531 1269 2362    112 137 
494 500 4672    55 112 
494 500 1017 1262 1301 1377 1454 1570 1621 1658 1911 1955 1967 2285 3047 3104 3180 3229 3374 3397 3398 3400 3406 3409 3540 3598 3626 3716 4672 4924 5082 5097    55 
492    94 162 
492 501 621 655 676 1305 1454 1495 1656 1847 1876 1923 2223 2255 2484 2544 2976 3068 3083 3141 3396 3404 3411 3940 3941 4001 4011 4399 4402 4706 4746 4880 5016 5054 5165 5205 5261 5277 5282 5309    94 
488 2828    75 134 
483    58 116 
472 868 2025 2230 4008 4195    48 121 
468 531 771 1534 1784 1876 1973 2362 2452 2533 2601 2619 2778 2814 2861 3259 3263 3284 3492 3497 3538 3594 3774 3926 3934 4002 4007 4008 4012 4014 4056 4164 4290 4312 4340 4361 4576 4757 4840 4845 4851 5107    153 
464    51 110 157 
464 4656    51 110 
464 3296 4437 4457    110 157 
464 1463 2928 3678    51 157 
462    54 72 84 116 
462 4830    54 72 84 
462 4034    54 72 116 
462 1321 4034 4358    72 116 
462 621 1644 2617 2765 3898 4034 4128 4201 4259 4615 4830 5053 5233 5536    54 72 
449 1693    66 75 
444 3034 5279    87 146 
443 1042    123 133 
439 5022    47 143 
438    52 72 89 125 130 157 
438 4437    130 157 
438 3598 4413 4833    52 130 
438 3497    125 130 
438 2574 4683 4753    52 125 
438 2384 4355    72 89 
438 1889    89 125 
438 701 988 1676 1889 2384 2400 2470 3130 3434 3854 3901 4027 4355 4425 4432 5050    89 
438 633 1383    52 72 
438 531 582 660 1098 1467 1562 1740 1876 2394 2447 2619 2688 2780 2831 3492 3497 3598 4010 4012 4290 4322 4413 4437 4525 4624 4833 4845 4918 5448    130 
425    40 90 98 
425 1561 1666 3819 4743 4865 4944 5253    90 98 
424 854 856 1123 1332 1493 1720 2821 3044 3046 4390 4710 5058 5423 5468    106 
419    72 84 114 
419 3877    84 114 
419 462 1178 1920 4355 4830 5181 5528    72 84 
414 4672    147 155 
413    76 79 134 162 
413 5460    76 162 
413 3189 3457 5271 5369    79 162 
413 959 1471 1485 2839 4321    134 162 
413 676 1642    79 134 
413 510    76 79 
413 510 724 866 924 925 945 1676 1994 2008 2248 2325 2355 2611 2725 3020 3031 3798 4182 4339 5173 5256 5460 5515 5517    76 
412 1989 2894 5468    124 161 
403    38 46 52 91 
403 4377    52 91 
403 3272 3360 3765 4541 4833    46 52 
403 2315 3359 3877 4340    38 52 
398 998 1500 1604 2462    53 144 
395    59 72 88 
384    54 124 
365    37 104 151 
358 983 5228    87 121 
355 475 925 1450 1452 1453 1514 1955 2103 2339 2656 2948 3098 3278 3296 4048 4182 4382 4561 4700 4889 4894 5084 5180 5246 5321 5534    61 
342    124 142 143 
339    65 117 143 
339 491 4711 4958    65 117 
335    37 67 72 124 125 157 
335 666 1201 1848 4437    67 157 
335 510    37 72 157 
335 510 2928 4232 4359    37 157 
335 438    72 125 157 
335 438 2371 3832 4259 4736 4864    72 125 
335 438 501 510 996 3676 3678 5542    72 157 
328 614    59 144 
323 1983 2042 5436    46 59 
320    151 161 162 
320 4169    151 162 
320 365 519 802 1577 1620 1957 2003 2280 2574 3242 3254 3372 3913 3936 3956 4011 4168 4169 4245 4318 4393 4429 4515 4828 4838 4867 4990 5014 5083    151 
317    103 158 
311    56 84 
308 1230 1395 5245    46 144 
307 3130    121 122 
300 1220 1789    50 80 
299    97 147 
299 414 490 655 843 1079 1376 1512 1658 1976 2170 2446 2872 2975 3047 3656 4057 4672 4762    147 
287 3267    56 99 
287 311 793 996 1529 2229 3267 3605 4415 4432 4608 4707 4758 4780 5150    56 
277    40 139 
276 1869    50 133 
275    63 67 127 135 
275 3774    67 135 
275 1532 2741    63 127 
275 1201    67 127 
275 666 690 1467 1814 1848 2356 2443 4420 4437    63 67 
275 335 666 690 1133 1175 1201 1287 1467 1814 1848 1970 2356 2443 2601 3681 3774 4404 4420 4437 4528    67 
273 593 2214 2733 3595 3606 4407    127 162 
268    37 45 59 70 97 98 121 131 
268 5365    45 59 98 
268 4358 5130    37 131 
268 4346    98 131 
268 4216    70 131 
268 3792 3901 4254 4310    37 70 
268 2589    59 97 121 
268 2589 5270    59 121 
268 1967    37 97 
268 1677 1859 2213 3391 3819 3920 5365 5475 5580    45 98 
268 1344 1516 1902 2028 2162 2389 2589 3048    59 97 
268 1260 2045 2589 2846    97 121 
268 1008 1297 1570 1619 1947 2057 2099 2404 2783 2810 3376 3380 3542 3573 3624 3921 4216 4346 4358 4622 4658 4672 5004 5050 5130 5142 5344    131 
268 820 3170 3577 4100 5088 5365    45 59 
265 1789    80 104 
258 465 1777 3090 3251 3253 3298 3371 3458 4016 4200 4434 4538 4703 4707 4768 5113 5445    152 
256 903 1594 5174 5229 5235 5260 5276 5324 5394 5413    96 115 
256 903 1594 1906 5073 5153 5172 5174 5175 5223 5227 5229 5235 5260 5265 5270 5276 5294 5309 5310 5311 5324 5325 5354 5357 5394 5405 5408 5410 5413 5419 5435 5455 5457 5528 5541 5548 5554    96 
253 1500 3273 3512    53 62 
252 1126 2857 3899    47 59 
250    78 104 134 
248    93 120 
242 4200    136 159 
242 996 1099 1201 1222 1489 1725 1799 2038 2189 2244 2257 2265 2456 3093 3383 4022 4067 4090 4101 4102 4104 4200 4348 4529 4537 4691 4770 4834 5100    136 
238    68 161 162 
238 1019 1086 1184 2533 2734 2771 2862 2886 3279 3286 3602 3833    68 162 
238 1016 3236 3536 5305    68 161 
238 320 690 1269 1323 1750 1989 2073 2111 2182 2343 4162    161 162 
236    72 82 
233 5133 5301    98 159 
233 242 577 902 1008 1057 1148 1174 1659 1724 2307 2449 2453 2610 2877 3146 3175 3230 3339 3676 3677 3678 3684 3821 3879 3968 3970 3990 3992 4200 4201 4246 4259 4334 4365 4488 4735 4843 4863 4875 4961 5122 5133 5148 5301 5571    159 
231 327 364 469 795 801 1101 1302 1343 1685 1792 1800 1878 1984 2166 2901 2952 3570 3571 3637 3639 3640 3641 3646 3647 3710 3711 3712 3713 5049    39 42 
230 246 339 491 539 708 1459 2013 2391 2977 3423 3621 3755 3817 3827 4064 4191 4194 4288 4343 4664 4711 4719 4720 4931 4958 5039 5075    117 
227 239 485 499 543 547 790 823 828 875 930 1022 1145 1200 1247 1254 1277 1338 1391 1435 1465 1717 1727 1825 1889 1938 2084 2146 2224 2243 2295 2391 2450 2513 2584 2758 2763 2778 2796 2814 2830 3106 3153 3171 3189 3209 3223 3226 3241 3246 3247 3279 3285 3415 3537 3618 3658 3675 3728 3736 3745 3759 3810 3831 3882 4009 4030 4114 4255 4266 4429 4584 4651 4652 4692 4698 4719 4729 4876 4955 4957 5009 5030 5116 5135 5136    141 
224 247 329 342 348 509 566 586 597 680 736 776 778 791 885 887 919 944 989 1010 1015 1100 1198 1203 1233 1250 1267 1331 1365 1460 1470 1530 1533 1546 1589 1706 1707 1708 1729 1805 1852 1857 1875 1908 1930 1999 2058 2095 2169 2202 2234 2236 2247 2254 2314 2321 2357 2366 2393 2543 2642 2663 2679 2715 2719 2739 2755 2799 2847 2871 2899 3009 3015 3036 3110 3179 3224 3235 3330 3331 3332 3333 3334 3346 3358 3387 3486 3500 3569 3746 3754 3756 3760 3894 3978 3979 3980 3981 3984 3988 4270 4326 4327 4330 4331 4332 4336 4341 4342 4459 4508 4612 4630 4643 4661 4722 4737 4745 4782 4800 4816 4835 4881 4922 4954 5115    142 
221    52 107 
221 510 558 637 712 829 870 1770 1967 2160 2170 2374 2390 2613 2631 2763 2943 3047 3117 4259 4462 4567 4568 4609 4647 4817 4864 5168 5189 5209 5227 5231 5276 5324 5325 5354 5357 5363 5457 5516 5541 5546 5548 5554    107 
218    52 132 160 
218 3876 3877    52 132 
218 3262 4887    52 160 
216    39 47 84 
216 1160    39 84 
216 252 420 439 587 717 916 922 944 1066 1126 1468 1603 1705 1739 1774 1963 2019 2078 2180 2213 2366 2377 2810 2857 2979 3021 3097 3162 3173 3228 3239 3255 3339 3342 3375 3473 3539 3541 3543 3563 3602 3705 3781 3796 3818 3860 3899 3907 3922 3962 4019 4078 4234 4268 4272 4274 4495 4577 4655 4679 4928 5022 5128 5303 5305    47 
212 460 510 647 789 931 1036 1072 1218 1507 1967 2315 2562 2667 2692 2922 2958 3169 3237 3322 3324 3325 3427 3567 4289 4363 4506 4567 4705 4864 4903 5026 5035 5089 5238 5254 5262 5293 5314 5365 5397 5401 5402 5406 5416 5420 5427 5428 5429 5430 5431 5432 5433 5434 5440 5442 5478 5479 5482 5483 5484 5485 5486 5487 5489 5490 5491 5492 5498 5499 5502 5508 5509 5510 5511 5512 5521 5540 5564 5583    109 
203 403    46 91 
190    49 52 62 
190 4833    52 62 
187    38 49 53 80 
187 4714    53 80 
187 2849    49 53 
187 403 1017 2315 2637 3359 3588 3769 3802 3877 3898 3953 4004 4005 4016 4163 4187 4340 4444 4509 4707 4826 4884    38 
184    77 124 
170    59 98 113 
170 1275    98 113 
170 268 765 780 881 5365 5458    59 98 
169    113 129 
164    66 122 
163 333 444 527 535 691 709 784 1112 1199 1310 1443 1504 1639 1812 1834 1842 1870 2017 2087 2145 2319 2369 2399 2490 2554 2568 2615 2873 2909 2961 3023 3034 3104 3151 3155 3168 3311 3657 3708 3949 4176 4183 4319 4375 4382 4400 4432 4438 4677 4694 4733 4734 4738 4868 4907 5147 5158 5223 5279    146 
160    41 48 70 92 122 137 162 
160 4736    41 162 
160 4216    48 70 92 137 
160 4056    41 122 
160 3825 3901    70 162 
160 2824    92 122 162 
160 2824 3780    92 162 
160 2400 4216    70 137 
160 2221 3295 4195 4216    48 92 
160 1549    41 48 137 
160 1549 1709 1973 4008 4216    48 137 
160 1283 4361 4374    48 122 
160 868    48 162 
160 771 1549 2033 2154 2344 2452 2831 2869 3160 3251 3497 3546 3777 3822 3898 4056 4157 4261 4318 4419 4421 4422 4525 4625 4736 4855    41 
160 660 757 1520 1534 1876 2221 2470 2601 2688 2780 2798 2824 2877 2913 3114 3295 3370 3649 3780 4000 4007 4063 4195 4216 4428 4758 4813 5197    92 
160 494 1269 3268 3900 4631    137 162 
160 448 553 690 1249 1959 2256 2824 3445 3833 3928 4308 4349 4350 5069    122 162 
160 232 494 531 606 648 726 917 1269 1549 1709 1973 2362 2368 2400 2472 2748 3176 3259 3268 3296 3609 3877 3900 3935 3990 4008 4216 4232 4354 4406 4426 4430 4472 4501 4502 4509 4532 4631 4656 4753 4773 5007 5405    137 
159 160 201 416 472 526 715 793 868 899 979 981 1005 1137 1212 1235 1265 1283 1352 1414 1424 1445 1479 1536 1549 1556 1573 1709 1719 1803 1873 1906 1973 2025 2221 2230 2281 2382 2435 2619 2856 2947 3129 3194 3217 3227 3295 3327 3594 3597 3608 3612 3815 3929 3939 3942 4008 4037 4195 4216 4361 4374 4578 4581 4701 4763 4870 5080 5158    48 
147    82 102 156 
147 3061    102 156 
147 661 4387    82 156 
147 661 677 1161 1244 1449 1461 1480 1685 2081 2532 2801 3061 3578 3579 3580 3581 3582 3583 3584 3585 3586 3587 3707 3812 3894 3958 4035 4344 4367 4387 4453 4648 4714 4728 4760 4769 4785 4837 4878 4921    156 
145    81 90 93 101 102 127 
145 4618    81 101 102 
145 4618 4890    81 101 
145 4407 4411    81 127 
145 4212    93 101 102 
145 1979 4212    93 101 
145 1017 1303 1366 1855 2352 2499 2795 2997 3265 3766 3876 4111 4154 4158 4216 4307 4360 4407 4411 4414 4512 4538 4541 4618 4623 4683 4757 4890 5051 5064    81 
145 432 911 2288 2948 3947 4212 4663    93 102 
143    46 78 129 134 
143 3188    78 129 
143 1067 1130 2215 5299    46 129 134 
143 1041 1067 1130 1415 2215 2376 2492 2603 2608 2828 4891 5299    129 134 
143 676 1067 1130 2215 4033 5299    46 134 
143 305 1067 1130 2215 3556 5299    46 129 
143 250    78 134 
143 250 413 488 552 663 676 743 826 959 1024 1041 1067 1119 1122 1130 1172 1189 1298 1304 1314 1368 1412 1415 1442 1464 1471 1485 1506 1509 1642 1703 1764 1904 1978 1990 2026 2215 2326 2341 2376 2492 2571 2603 2608 2621 2625 2751 2778 2828 2839 2957 3141 3172 3181 3245 3293 3349 3407 3683 3932 4021 4033 4148 4314 4321 4345 4564 4566 4687 4708 4778 4786 4789 4790 4825 4826 4891 5012 5064 5105 5299    134 
142 408 441 726 760 817 954 991 1375 1531 1837 2341 2369 2413 2431 2445 2595 2631 3123 3208 3243 3470 3484 3691 4038 4083 4133 4273 4276 4282 4971 4972 4974 5400 5505    154 
141    42 58 79 
141 1874    42 58 
141 156 376 413 470 510 524 611 637 652 676 681 899 931 932 1006 1110 1138 1154 1242 1376 1439 1473 1491 1642 1661 1715 2021 2074 2304 2480 2599 2628 2922 3142 3152 3189 3337 3340 3347 3457 4003 4322 4465 4574 4623 4701 4774 4864 4895 5231 5271 5288 5314 5369    79 
140 1783 2011    77 133 
139 149 339 491 1557 1872 2872 2926 2932 3016 3211 3590 3731 3845 4051 4241 4606 4627 4654 4680 4711 4797 4809 4871 4896 4958 4960 4961 4963    65 
135    62 71 97 98 116 119 
135 5113    62 71 
135 2269 4351    98 119 
135 2116 2989    98 116 
135 1457 2176 2765    71 97 
135 623 858 996 4898 5003    71 119 
135 359 478 623 858 996 1676 1747 1843 1907 2012 2062 2106 2269 2506 2536 2613 3341 3343 3671 3694 3970 4235 4351 4464 4466 4478 4898 5003 5077 5081 5090 5315 5419    119 
135 268 3937 4355 4395    97 98 
135 190 253 510 537 771 1054 1146 1160 1500 1568 1801 2033 2618 2704 2907 2912 3273 3414 3481 3512 3967 3999 4022 4201 4404 4415 4538 4761 4833 4863 4918 4959 5113 5203 5275    62 
130 137 160 168 238 273 320 357 372 374 377 413 448 492 494 538 548 553 554 588 593 653 674 690 711 868 914 959 978 1017 1019 1076 1086 1150 1184 1221 1243 1249 1269 1277 1284 1323 1348 1413 1420 1427 1428 1432 1441 1471 1483 1485 1537 1581 1611 1638 1678 1683 1742 1750 1754 1758 1763 1812 1821 1899 1911 1958 1959 1969 1989 1996 2019 2027 2053 2061 2073 2090 2111 2120 2142 2149 2182 2214 2225 2240 2245 2256 2260 2306 2343 2370 2385 2468 2533 2547 2555 2572 2581 2598 2697 2706 2733 2734 2764 2771 2823 2824 2839 2862 2886 2963 2982 3007 3165 3166 3189 3207 3209 3255 3266 3268 3279 3281 3285 3286 3287 3288 3289 3290 3291 3328 3377 3445 3448 3457 3490 3533 3539 3545 3547 3548 3595 3602 3603 3606 3610 3616 3623 3662 3680 3698 3723 3724 3729 3780 3791 3813 3825 3833 3900 3901 3928 3930 3945 3974 4013 4060 4125 4155 4162 4169 4180 4308 4316 4321 4349 4350 4370 4386 4388 4398 4407 4445 4450 4495 4498 4500 4533 4631 4635 4653 4736 4783 4890 4901 4902 5067 5068 5069 5076 5191 5271 5369 5460 5473    162 
128 514 712 822 1644 2765 3471 4259 4380 5233 5368    54 83 
127 369 421 518 533 544 546 557 580 615 712 762 777 798 844 951 997 1061 1091 1171 1227 1258 1286 1357 1624 1924 1981 1991 2018 2193 2486 2588 2636 2705 2711 2844 2900 2954 2970 3002 3037 3087 3240 3348 3551 3611 3883 4371 4927 4973 4981 4991 4993 5086 5292 5353 5634    108 
121    77 104 129 145 
121 2645    104 145 
121 173 215 250 265 302 365 366 505 524 536 592 681 747 769 1205 1226 1289 1333 1366 1425 1523 1565 1787 1789 1865 1892 1945 1969 1971 2048 2374 2402 2416 2437 2448 2561 2645 2685 2812 2838 2917 2980 2997 3066 3083 3453 4438 4448 4645 4684 4885 4914    104 
112    52 68 
112 238 660 871 987 1016 1019 1086 1184 1890 2533 2600 2727 2734 2771 2779 2862 2886 3097 3121 3236 3279 3286 3412 3429 3510 3536 3602 3807 3833 3843 3913 4112 4287 4507 4582 4629 4814 4884 5027 5305    68 
112 190 218 221 403 438 489 633 668 1034 1163 1257 1333 1366 1383 1702 2158 2315 2452 2574 2869 3013 3251 3262 3272 3359 3360 3517 3598 3765 3793 3803 3876 3877 4340 4377 4393 4413 4417 4418 4541 4683 4753 4757 4813 4833 4887 5051 5269    52 
103 150 152 263 454 976 1794 2009 2356 2411 2530 2707 2735 2757 2849 3265 3366 3434 3517 3769 3793 4003 4165 4191 4216 4289 4300 4404 4499 4517 4538 4597 4698 4859 5108 5132    100 
101 164 198 309 353 427 449 570 616 718 878 1041 1077 1257 1311 1392 1442 1594 1693 2003 2460 2603 2605 2712 2726 2867 2879 3010 3304 3552 3770 3915 3946 3952 4302 4447 4526 4617 4773 4793 4801 4889 4917 5039 5051 5111 5114 5120 5161 5172    66 
100 946 1287 1741 2424 2488 2969 3303 3354 3632 3633 3643 3769 3802 4355 4369 4511 4677 4682 4803 5024 5046    69 
99    51 70 97 101 102 127 
99 4129    97 102 
99 3792    70 101 
99 1463    51 70 
99 464 582 660 1269 1303 1463 1786 1855 1889 1937 2003 2238 2371 2627 2928 3259 3265 3267 3273 3487 3588 3678 3823 3876 3992 4010 4026 4113 4114 4115 4259 4261 4348 4391 4512 4537 4614 4656 4672 4676 4851 4859 4884 5090 5143 5146    51 
99 268    70 97 
99 160 268 1463 2207 2255 2400 2498 3399 3726 3792 3825 3901 3938 4201 4216 4254 4310 4340 4693 4768    70 
99 145    101 102 127 
99 145 2154 2447 2877 3270 3272 3359 3360 3598 4015 4057 4212 4318 4415 4418 4436 4618 4712 4833 5050    101 102 
99 145 523 771 898 1318 1333 1339 1848 1912 1979 2154 2447 2452 2780 2866 2877 2937 3266 3270 3272 3283 3359 3360 3363 3364 3365 3454 3598 3777 3792 3793 3803 3900 3931 3955 4015 4057 4059 4112 4160 4212 4317 4318 4337 4354 4356 4361 4365 4392 4415 4418 4436 4532 4618 4712 4833 4890 5050 5137 5166 5197 5335    101 
99 145 273 275 593 607 1201 1495 1532 2031 2161 2214 2292 2550 2707 2733 2741 2800 2802 2893 3090 3222 3423 3544 3550 3595 3606 3652 3655 3687 3709 3725 3936 3995 4001 4003 4005 4040 4322 4407 4411 4530 4850 5039 5040 5092 5093 5150    127 
99 133 145 147 285 432 497 540 689 722 853 911 1183 1196 1542 1728 1766 1790 1826 1926 2002 2022 2154 2219 2252 2263 2283 2288 2396 2447 2710 2817 2877 2889 2911 2938 2948 3026 3031 3061 3270 3272 3359 3360 3598 3614 3750 3947 3957 3986 4015 4036 4039 4047 4057 4129 4212 4318 4415 4418 4436 4521 4615 4618 4663 4681 4704 4712 4801 4833 5050 5182 5184 5351    102 
97 563 804 831 1377 1782 1892 2374 2522 2580 2597 2950 3147 3564 3684 3825 3884 4186 4460 4499 4556 4649 4904 4979    43 
93 113 181 290 325 337 343 356 363 912 995 1127 1208 1580 1607 1689 1705 1712 1755 1928 2037 2213 2222 2229 2231 2233 2421 2646 2658 2909 3174 3186 3202 3214 3215 3345 3432 3682 3693 3697 3699 3700 3717 3757 3895 4032 4267 4355 4432 4586 4602 4660 4808 4844 5181 5264 5315 5334 5338 5393 5475    73 
90 321 462    54 84 116 
90 321 462 2536 2542 3105 4383 4830 5280 5367    54 84 
90 321 462 2116 2364 3472 4034 4765 5477    54 116 
90 321 462 737 1869 2331 2768 2787    84 116 
87 107 178 194 195 217 219 272 279 283 339 342 378 402 423 439 659 745 856 882 973 1000 1012 1176 1248 1312 1371 1373 1440 1524 1527 1598 1614 1634 1704 1732 1776 1871 2015 2055 2136 2141 2152 2367 2464 2476 2501 2556 2652 2654 2677 2684 2717 2827 2829 2918 2953 2964 3014 3027 3044 3071 3102 3107 3589 3596 3619 3961 4273 4278 4517 4594 4787 4849 5018 5022 5144 5343 5372 5426 5495 5501    143 
86 175 187 191 265 300 391 502 562 568 594 659 775 1128 1161 1220 1246 1388 1415 1471 1586 1724 1731 1789 1881 1940 1956 2005 2008 2103 2163 2164 2272 2277 2387 2398 2611 2621 2728 2756 2869 3150 3216 3275 3558 3744 3933 3966 4128 4149 4184 4205 4441 4454 4619 4647 4714 4909 5015 5067 5176 5279 5425    80 
85 141 162 231 327 364 469 558 613 795 801 803 819 1030 1101 1113 1302 1343 1390 1487 1525 1547 1609 1616 1685 1792 1800 1856 1874 1878 1937 1984 1986 1997 1998 2105 2134 2139 2166 2174 2197 2215 2566 2637 2704 2754 2851 2887 2901 2952 3053 3069 3368 3442 3459 3460 3461 3462 3463 3465 3466 3467 3468 3469 3514 3523 3570 3571 3637 3639 3640 3641 3646 3647 3710 3711 3712 3713 3895 4456 4491 4638 4788 4947 4964 5049 5094 5366    42 
83 268 717 721 737 820 949 1072 1082 1374 1521 1677 1679 1689 1743 1747 1859 1868 2070 2213 2386 2410 2551 2785 2836 2979 3080 3124 3163 3170 3198 3202 3228 3358 3367 3391 3515 3577 3690 3691 3819 3839 3847 3848 3863 3920 3993 4100 4188 4559 4825 4926 4940 4946 4950 4966 4967 4974 5008 5021 5033 5088 5096 5181 5365 5393 5469 5475 5580    45 
82 125 271 371 399 446 447 449 488 493 506 532 565 739 756 761 843 872 899 955 966 1037 1049 1112 1245 1270 1383 1399 1421 1431 1438 1548 1569 1592 1633 1693 1796 2036 2089 2235 2330 2436 2482 2604 2649 2713 2748 2802 2828 2940 2943 2982 3019 3103 3487 3876 3885 3975 4158 4286 4301 4402 4403 4468 4616 4683 4713 4832    75 
80    37 59 72 83 149 
80 5276    59 72 83 149 
80 5270 5276 5294    59 83 
80 2765 4473 4864 5276    72 83 149 
80 822 964 2168 2765 4366 4438 4473 4864 5276    83 149 
80 638 1457 1576 1644 2198 2651 2765 2859 4259 4355 4473 4480 4864 5232 5233 5276 5325 5345 5417 5516 5528 5541    72 83 
80 510    37 59 72 149 
80 510 5276    59 72 149 
80 510 3967 5151    37 72 149 
80 510 2371 2701 2765 2784 3084 3967 4138 4473 4864 5151 5276 5542    72 149 
80 510 628 5032 5276 5365    59 149 
80 510 611 3967 5140 5151    37 149 
80 395 510 2163 2589 5276    59 72 
80 383 510 550 611 628 636 648 703 822 873 903 964 1528 1594 1623 1657 1759 1993 2106 2168 2371 2698 2701 2765 2773 2784 2951 3028 3084 3103 3142 3167 3199 3264 3438 3695 3714 3716 3967 4050 4138 4151 4347 4366 4375 4436 4438 4465 4473 4804 4839 4864 4883 4970 5032 5140 5151 5231 5276 5353 5365 5542    149 
80 335 510 3677 3967 3970 4358 4707 5113 5134 5151    37 72 
80 268 510    37 59 
80 268 335 365 510 611 699 1080 1454 1786 1967 2618 2928 3631 3677 3792 3885 3887 3901 3908 3935 3967 3970 4004 4005 4017 4200 4232 4254 4310 4358 4359 4430 4558 4631 4707 4844 4975 5113 5130 5134 5140 5150 5151 5152    37 
80 236 335 395 396 419 438 440 462 501 510 594 621 623 633 638 655 664 851 996 1008 1148 1178 1249 1261 1321 1359 1383 1448 1457 1576 1644 1785 1822 1843 1883 1920 1934 1948 2163 2198 2322 2353 2371 2384 2487 2497 2564 2589 2612 2617 2651 2701 2742 2765 2784 2797 2843 2859 2878 2895 2910 2921 2965 2984 3005 3084 3149 3243 3320 3338 3368 3661 3667 3676 3677 3678 3715 3720 3832 3847 3898 3967 3968 3970 4001 4032 4034 4128 4133 4138 4173 4201 4209 4259 4296 4351 4355 4358 4451 4464 4467 4473 4480 4482 4615 4665 4673 4707 4736 4777 4830 4836 4864 4927 4992 5053 5113 5129 5134 5151 5154 5173 5181 5230 5232 5233 5276 5302 5325 5335 5337 5345 5417 5516 5528 5536 5541 5542    72 
79 4672 4955    112 155 
79 120 180 494 500 531 585 611 793 910 996 1065 1098 1122 1148 1162 1242 1269 1467 1700 1876 2304 2305 2311 2356 2359 2362 2403 2508 2596 2619 2621 2738 2790 2798 3182 3218 3354 3403 3448 3464 3494 3568 3634 3683 3814 3826 3886 3887 3953 4003 4009 4012 4021 4057 4072 4163 4175 4217 4218 4257 4275 4279 4360 4409 4413 4528 4565 4566 4575 4600 4672 4676 4708 4724 4738 4811 4831 4891 4929 4937 4955 5066 5125 5128 5129 5142 5404 5573 5580    112 
77    77 82 
76 983 2048 2050 2198 2390 3034 4985 5256 5287 5294 5454    83 87 
76 92 116 358 444 594 731 737 749 790 794 814 818 923 983 988 1140 1220 1252 1291 1383 1403 1439 1477 1570 1659 1793 1916 1925 2005 2024 2048 2050 2190 2198 2228 2303 2390 2487 2549 2617 2618 2643 2753 2784 2843 3017 3029 3034 3126 3190 3233 3431 3444 3542 3555 3605 3660 3770 3933 4131 4173 4177 4210 4369 4395 4430 4457 4463 4470 4475 4476 4477 4479 4483 4615 4621 4659 4750 4799 4827 4873 4897 4932 4985 4997 5057 5085 5150 5157 5172 5173 5176 5228 5247 5251 5256 5279 5287 5288 5294 5341 5452 5454 5457 5517 5519 5546 5639    87 
76 80 128 514 638 712 822 849 964 983 1051 1107 1231 1260 1457 1576 1644 1656 1773 1791 1853 2048 2050 2067 2160 2168 2198 2261 2390 2505 2651 2657 2765 2859 3034 3201 3204 3471 3503 3654 4259 4355 4366 4380 4438 4469 4473 4480 4609 4864 4866 4985 4996 5056 5232 5233 5256 5270 5276 5287 5294 5309 5325 5326 5327 5345 5347 5357 5368 5395 5396 5417 5424 5428 5442 5454 5481 5491 5507 5516 5528 5541    83 
73 148 618 750 831 870 1252 1523 1780 1919 1968 2000 2092 2228 2976 3095 3147 4173 4210 4237 4261 4471 4484 4704 4827 4839 4857 5073 5156 5234 5287 5419 5435 5506    85 
72 555 609 611 617 703 776 858 931 937 948 969 1053 1195 1227 1275 1367 1591 1623 1641 1667 2075 2222 2351 2506 2591 2903 2945 2991 3139 3203 3336 3391 3666 3671 3694 3719 4225 4505 4506 4581 4583 4585 4596 4844 4995 5042 5580    148 
71    57 63 121 
71 313 705 706 763 925 1038 1112 1146 1149 1201 1221 1372 1399 1411 1431 1771 1860 1921 2027 2080 2175 2187 2238 2251 2309 2324 2347 2423 2426 2855 2944 3115 3159 3310 3311 3312 3476 3554 4016 4043 4111 4130 4158 4159 4160 4161 4176 4181 4182 4333 4385 4616 4764 4781 4860 5070 5071 5074 5104 5159 5168 5190 5191 5192 5193 5205 5206 5207 5208 5215 5216 5217 5244 5272 5281 5282 5300 5352 5370 5378 5407 5409 5438 5461 5462 5514 5518 5533 5560 5625    57 
71 136 275 471 666 690 741 1037 1194 1263 1467 1486 1532 1709 1814 1848 1973 2135 2326 2356 2443 2741 3013 3150 3295 4014 4150 4410 4420 4437 4449 4613 4754 4757 4813    63 
69 78 80 111 138 155 161 170 208 245 252 254 268 298 323 328 362 395 435 495 510 556 558 601 614 628 634 691 729 734 762 765 773 780 809 816 820 859 866 876 881 888 889 927 950 980 994 1028 1046 1085 1117 1126 1131 1152 1229 1344 1345 1349 1408 1423 1437 1450 1469 1499 1515 1516 1582 1599 1627 1639 1700 1722 1819 1874 1877 1902 1933 1983 2028 2038 2042 2044 2069 2097 2110 2127 2147 2162 2163 2165 2184 2216 2217 2222 2246 2266 2276 2315 2328 2333 2375 2383 2389 2397 2525 2546 2569 2582 2589 2590 2616 2669 2674 2689 2700 2716 2762 2789 2794 2799 2825 2857 2939 2983 3008 3048 3056 3067 3078 3118 3137 3144 3148 3170 3197 3223 3278 3383 3413 3427 3446 3449 3451 3531 3561 3576 3577 3590 3591 3670 3693 3730 3739 3808 3840 3890 3899 4042 4046 4087 4088 4100 4103 4107 4110 4263 4280 4348 4382 4396 4446 4595 4633 4771 4820 5010 5032 5088 5098 5099 5153 5235 5270 5276 5294 5319 5361 5365 5436 5458 5534    59 
68 104 143 157 165 250 284 319 380 428 544 580 611 630 652 789 805 990 1090 1107 1225 1273 1334 1414 1439 1510 1596 1613 1690 1713 1741 1762 1779 1820 2096 2106 2118 2206 2304 2308 2332 2422 2481 2766 2774 2809 3188 3191 3196 3215 3220 3321 3343 3381 3382 3420 3424 3549 3560 3593 3630 3635 3673 3689 3718 3722 3814 4198 4369 4548 4549 4554 4577 4587 4634 4886 4930 5008 5011 5023 5091 5181    78 
67 88 267 317 330 338 508 517 590 599 790 862 938 1081 1083 1088 1328 1354 1435 1590 1650 1671 1816 1839 1894 2004 2082 2086 2259 2310 2312 2429 2509 2708 3006 3157 3185 3187 3447 3758 3881 3960 4227 4228 4249 4323 4384 4455 4492 4494 4604 4607 4678 4725 4815 4925 4965 5333    158 
62 287 451 523 771 824 1269 1363 1433 1454 1786 1893 1914 1963 1970 2295 2361 2362 2767 2788 3045 3079 3265 3267 3425 3497 3564 3777 3823 3876 3992 3994 3995 4004 4058 4059 4113 4185 4310 4340 4359 4409 4413 4623 4642 4656 4685 4687 4859 5132 5448    99 
61 90 204 216 257 281 311 321 419 436 462 516 567 578 604 620 684 697 700 737 794 857 1051 1129 1135 1160 1178 1180 1216 1224 1234 1278 1503 1772 1869 1920 2023 2024 2099 2129 2235 2290 2331 2370 2388 2528 2536 2542 2639 2694 2718 2768 2772 2787 2935 2941 3022 3105 3143 3152 3183 3248 3326 3433 3519 3575 3721 3735 3782 3877 3880 4124 4130 4352 4355 4383 4569 4590 4592 4694 4704 4740 4743 4830 4843 4865 4943 4952 5021 5072 5181 5193 5225 5253 5269 5280 5331 5367 5446 5500 5503 5528 5565    84 
59 99 131 135 268 299 334 400 458 645 752 784 870 945 1063 1138 1260 1301 1344 1392 1457 1516 1576 1656 1684 1745 1791 1895 1902 1959 1967 2028 2045 2048 2162 2176 2303 2330 2389 2390 2448 2491 2589 2644 2698 2737 2746 2752 2765 2846 2883 2951 2969 3020 3028 3034 3048 3937 4129 4137 4151 4262 4355 4375 4395 4445 4480 4669 4874 5054    97 
58 109 158 177 225 238 278 320 344 390 412 422 456 481 563 579 600 690 786 797 836 840 943 1009 1016 1074 1102 1168 1204 1269 1274 1276 1313 1323 1324 1337 1341 1370 1394 1488 1520 1662 1697 1698 1750 1752 1851 1888 1931 1932 1943 1989 2063 2065 2073 2078 2083 2111 2150 2182 2218 2343 2529 2633 2775 2818 2826 2863 2874 2894 3039 3143 3195 3236 3277 3305 3535 3536 3543 3600 3617 3620 3814 4041 4162 5087 5305 5342 5468    161 
54 89 166 184 222 244 261 274 291 331 335 342 349 352 354 360 384 389 412 476 487 525 574 644 658 669 678 702 725 727 768 823 833 850 892 993 1001 1091 1096 1170 1193 1214 1236 1255 1329 1340 1407 1409 1447 1522 1539 1541 1602 1627 1631 1694 1702 1753 1778 1798 1897 1900 1954 1989 1995 2059 2072 2194 2297 2309 2334 2345 2408 2427 2441 2524 2544 2553 2614 2712 2732 2747 2833 2837 2842 2894 2897 2956 2970 3000 3064 3099 3101 3160 3187 3389 3487 3595 3606 3610 3623 3702 3848 3862 4215 4219 4221 4223 4226 4605 5468    124 
49 237 292 367 1051 1264 1507 1867 2050 2067 2117 2196 2270 2722 2724 2832 2843 3054 3208 3248 3433 4237 4394 4425 4497 4599 4657 4968 4969 4970 4971 4974 4976 4977 4978 4980 4982 4984 4986 4987 4988 5001 5532 5565    128 
44    120 123 135 
44 2209    123 135 
44 207 379 538 863 898 1146 1483 3301 3379 3613 3651 3685 4061 4389 4443 4854 5179 5298 5625    120 135 
44 207 241 275 379 503 538 540 569 591 686 711 863 898 1060 1136 1146 1422 1432 1483 1723 1750 1784 1829 1879 1882 2043 2060 2061 2099 2209 2217 2309 2661 2662 2728 2804 3025 3146 3192 3253 3301 3379 3490 3532 3613 3650 3651 3685 3753 3774 3784 3799 3803 3982 4023 4052 4058 4061 4158 4244 4300 4308 4350 4389 4443 4512 4513 4614 4703 4854 4867 5017 5083 5179 5298 5329 5411 5521 5625    135 
44 84 154 303 443 625 632 894 1011 1029 1035 1042 1047 1163 1191 1319 1410 1587 1669 1691 2039 2071 2204 2207 2209 2225 2258 2264 2282 2289 2299 2338 2608 2619 2744 2967 2988 3003 3030 3043 3122 3158 3259 3292 3492 3497 3764 3793 3798 3804 3805 3927 3943 3950 3994 3995 4003 4005 4012 4014 4033 4056 4112 4155 4191 4217 4311 4364 4365 4388 4392 4397 4541 4639 4644 4715 4742 4807 5013 5067 5079 5196 5340    123 
44 75 207 248 262 379 453 538 548 549 704 758 815 863 869 898 928 1003 1073 1120 1146 1165 1248 1320 1440 1483 1514 1585 1619 1799 1930 1970 2031 2046 2167 2212 2226 2291 2535 2682 3093 3159 3177 3234 3256 3296 3301 3302 3379 3388 3414 3613 3644 3651 3685 3731 3747 3749 3779 3802 3921 3990 4061 4065 4079 4146 4156 4159 4161 4325 4381 4389 4443 4459 4854 4856 4893 4899 4942 5108 5179 5200 5214 5258 5275 5298 5320 5520 5625    120 
41 90 135 251 321 340 406 462 483 513 555 557 558 617 673 728 737 799 838 842 963 969 1072 1089 1144 1321 1364 1439 1574 1687 1716 1863 1867 1869 2068 2116 2210 2316 2331 2336 2364 2415 2418 2440 2493 2496 2523 2643 2653 2680 2768 2787 2904 2920 2962 2970 2989 2992 3051 3205 3294 3472 3534 3607 3615 4034 4295 4358 4452 4474 4481 4504 4567 4601 4765 4928 5088 5293 5477    116 
38 121 1360 4715 5020    77 129 
38 121 143 144 169 305 564 625 632 770 852 956 1004 1041 1067 1130 1158 1285 1360 1415 1637 1664 1684 1735 1744 1876 1877 1885 1935 2022 2093 2107 2125 2144 2171 2215 2376 2492 2603 2608 2714 2828 2840 2946 3188 3498 3540 3556 3951 4290 4458 4521 4574 4715 4891 5020 5043 5215 5299 5346    129 
38 40 46 64 77 115 121 140 167 176 184 209 289 382 415 429 479 521 560 572 627 716 752 766 877 890 901 918 933 946 986 992 1103 1132 1156 1157 1223 1312 1360 1473 1566 1630 1719 1721 1783 1910 1936 1980 2011 2029 2088 2153 2154 2258 2284 2405 2425 2466 2489 2512 2602 2919 3070 3154 3194 3508 3513 3659 3763 3944 4105 4121 4122 4137 4159 4269 4284 4357 4431 4433 4715 4747 5002 5020 5340    77 
37    54 105 
36 63 91 140 174 223 276 288 381 405 407 443 528 640 725 788 834 847 864 1042 1109 1118 1206 1266 1275 1429 1663 1734 1783 1866 1869 2011 2054 2094 2151 2317 2320 2454 2515 2539 2583 2803 3134 3140 4212 4948    133 
32 2931    82 144 
32 42 47 74 95 117 213 249 264 286 308 314 328 332 373 375 398 411 433 455 457 581 614 639 649 682 735 796 830 832 891 947 952 974 998 999 1026 1056 1084 1143 1150 1179 1182 1198 1215 1219 1228 1230 1268 1393 1395 1397 1404 1436 1462 1478 1500 1501 1502 1519 1560 1604 1606 1628 1643 1646 1653 1696 1714 1797 1833 1846 1886 1898 1901 1927 2001 2066 2124 2133 2155 2172 2274 2294 2301 2395 2409 2434 2461 2462 2507 2517 2518 2540 2560 2565 2573 2641 2664 2678 2683 2695 2736 2761 2815 2820 2822 2931 2942 2955 2974 2999 3088 3094 3182 3200 3308 3315 3316 3317 3442 3452 3501 3562 3565 3653 3668 3809 3824 3873 3874 3896 4017 4140 4141 4142 4143 4144 4211 4293 4400 4447 4562 4563 4570 4632 4636 4796 4801 4822 4846 4866 5034 5062 5118 5164 5171 5182 5245    144 
27 50 65 277 345 507 571 642 650 670 810 845 907 1018 1021 1092 1097 1139 1167 1197 1285 1288 1315 1392 1563 1584 1675 1869 1976 2040 2076 2104 2191 2303 2478 2586 2609 2649 2672 2673 2693 2759 2888 2908 2975 2985 2993 3086 3385 3421 3479 3495 3522 3645 3665 3679 3771 3772 3773 3811 3911 4076 4080 4196 4236 4286 4313 4362 4368 4373 4379 4405 4408 4544 4568 4667 4689 4751 4859 4865 4880 5059 5068 5126 5198 5199 5218 5219 5253 5254 5265 5277 5313 5356 5474    139 
25 425 530 1259 3918 4905 5456 5564    40 98 
24 220 335 438 512 683 822 1029 1093 1304 1640 1764 1889 2131 2371 2444 2554 2574 2714 2729 2778 2795 2850 3065 3238 3283 3497 3642 3744 3832 3909 4046 4115 4135 4168 4169 4185 4259 4286 4307 4363 4526 4628 4683 4686 4704 4736 4753 4773 4864 5137    125 
22 33 105 126 243 347 395 397 482 584 728 759 817 1069 1251 1317 1369 1484 1625 1795 1802 1837 1884 2064 2113 2183 2459 2567 2579 2623 2665 3012 3040 3055 5045 5318 5323    88 
21 135 504 534 623 667 750 849 858 962 996 1347 1457 1528 1600 1773 1806 1919 2123 2132 2176 2179 2181 2220 2463 2472 2504 2537 2691 2701 2709 2765 2984 2986 2994 3080 3214 3667 3672 3676 3688 3715 3720 4153 4202 4203 4204 4206 4207 4208 4209 4234 4366 4380 4619 4666 4707 4713 4749 4810 4898 4949 5003 5055 5113 5167 5189 5209 5227 5230 5231 5240 5302 5311 5354 5408 5410 5414 5417 5457 5542    71 
20 335 438 464 500 501 510 666 693 793 849 996 1146 1201 1387 1433 1463 1532 1848 1925 2057 2221 2255 2295 2324 2369 2735 2928 3296 3676 3678 3791 4000 4050 4058 4232 4289 4359 4437 4446 4457 4794 5413 5542    157 
19 34 39 56 98 102 143 186 203 235 305 308 318 323 403 434 437 442 450 463 473 503 515 522 537 589 610 660 675 676 677 738 744 751 779 782 783 792 806 815 827 915 941 1014 1022 1047 1067 1130 1141 1188 1207 1213 1230 1295 1316 1362 1395 1400 1446 1449 1456 1476 1492 1585 1618 1622 1648 1665 1670 1686 1730 1749 1775 1828 1838 1844 1917 1955 1960 1974 1983 2033 2042 2056 2114 2121 2173 2186 2201 2203 2205 2215 2226 2249 2273 2275 2299 2302 2329 2337 2348 2350 2358 2426 2455 2477 2500 2587 2681 2703 2786 2795 2841 2860 2870 2876 2902 2916 2933 2995 3018 3032 3081 3128 3231 3232 3259 3270 3272 3273 3276 3292 3300 3314 3329 3360 3373 3378 3392 3430 3450 3485 3493 3494 3556 3601 3628 3638 3663 3669 3748 3761 3762 3765 3794 3800 3816 3948 3963 3987 3995 4010 4033 4056 4057 4058 4059 4111 4120 4136 4149 4152 4154 4156 4157 4318 4324 4329 4378 4392 4435 4439 4512 4531 4534 4535 4537 4541 4572 4573 4618 4670 4679 4688 4712 4717 4731 4759 4784 4798 4833 4842 4862 4894 4908 4919 5000 5019 5145 5200 5242 5245 5255 5299 5332 5352 5436 5527 5553    46 
18 5215    50 114 
18 401 419 608 618 829 1071 1164 1368 1464 1626 1757 1796 1887 1904 1983 2100 2302 2326 2699 2929 2934 3004 3877 3936 4400 4789 5215    114 
18 26 197 234 276 300 417 426 459 480 582 636 694 787 839 866 908 942 946 1021 1025 1166 1181 1194 1220 1307 1376 1379 1396 1399 1401 1442 1466 1495 1532 1552 1647 1657 1660 1789 1827 1850 1869 1895 2007 2049 2104 2108 2255 2268 2293 2318 2376 2401 2482 2514 2655 2698 3057 3072 3085 3121 3132 3155 3353 3374 3480 3520 3521 3915 4000 4068 4069 4070 4071 4127 4148 4315 4388 4666 4880 5074 5157 5175 5215 5378 5438 5496 5518 5575 5576 5577    50 
17    40 121 155 
17 79 414 1335 1463 1801 2057 2372 2404 2442 2581 2730 3073 3225 3260 3347 3416 3417 3996 3997 4445 4487 4622 4672 4955 4983    155 
17 71 108 268 307 358 472 511 596 868 900 905 983 1047 1075 1079 1260 1319 1387 1475 1789 1813 1842 2025 2045 2052 2076 2109 2230 2341 2585 2589 2749 2846 2853 3130 3221 3250 3263 3791 3951 4008 4010 4045 4179 4195 4290 4478 4620 4675 4851 4959 5228 5257 5270 5332    121 
17 25 28 277 293 346 425 431 484 530 628 714 774 800 835 895 946 1002 1259 1272 1355 1434 1439 1540 1545 1695 1759 1770 1810 1817 1834 2021 2101 2177 2185 2189 2279 2438 2577 2647 2671 2781 2848 2885 2973 3007 3119 3191 3271 3413 3438 3439 3491 3498 3506 3696 3778 3797 3874 3918 4090 4103 4106 4116 4119 4240 4285 4510 4824 4856 4874 4905 4906 4960 4989 5061 5112 5163 5220 5242 5293 5330 5456 5564 5640    40 
16 153 317 1089 1151 1217 1595 1635 1716 1815 1941 2227 2502 2570 2930 3091 3111 3131 3257 3727 4486 4911    103 
15 141 388 483 656 904 910 1355 1450 1874 2103 2262 2321 2340 2389 2490 2511 2620 2666 2746 2939 2969 2971 3044 3116 3342 3355 4178 4488 4741 5090 5534 5565    58 
14 169 170 551 921 1275 1701 1871 1929 2150 2875 3553 3917 4953    113 
13 145 631 2845 2966 3834 3835 3847 3849 3853 3858 3859 3860 3861 3869 4387    90 93 
13 60 81 106 119 124 145 193 205 248 301 312 341 350 351 432 452 461 466 467 575 603 605 622 626 631 679 698 841 854 874 911 939 957 984 1007 1015 1023 1027 1033 1064 1078 1105 1111 1116 1202 1232 1285 1306 1308 1326 1342 1345 1356 1423 1472 1498 1513 1538 1605 1738 1769 1771 1804 1845 1847 1909 1950 1979 2010 2038 2047 2051 2097 2122 2140 2148 2159 2163 2241 2266 2267 2271 2288 2322 2380 2403 2414 2417 2457 2466 2510 2519 2575 2592 2687 2723 2770 2794 2834 2845 2854 2869 2892 2915 2924 2948 2949 2966 3014 3024 3038 3042 3068 3078 3096 3133 3145 3148 3158 3253 3331 3334 3335 3443 3524 3525 3528 3529 3741 3752 3769 3801 3834 3835 3847 3849 3853 3858 3859 3860 3861 3869 3916 3923 3927 3947 3994 4022 4086 4093 4096 4103 4165 4212 4245 4261 4357 4387 4397 4440 4446 4486 4490 4527 4663 4752 4831 4877 4881 5110 5463    93 
13 48 96 145 172 226 297 315 324 326 336 425 474 570 583 614 619 631 692 719 728 764 851 860 867 896 927 975 1037 1080 1142 1147 1155 1185 1253 1346 1385 1386 1398 1426 1497 1551 1561 1601 1612 1632 1666 1681 1726 1913 1922 1946 1975 1985 2014 2079 2098 2102 2257 2378 2419 2426 2433 2451 2458 2483 2494 2527 2659 2675 2686 2702 2731 2806 2845 2923 2966 2968 2969 3069 3282 3530 3599 3625 3664 3673 3730 3732 3733 3737 3738 3740 3742 3743 3819 3834 3835 3836 3837 3838 3839 3840 3841 3842 3844 3846 3847 3848 3849 3850 3851 3852 3853 3854 3855 3856 3857 3858 3859 3860 3861 3862 3863 3864 3865 3866 3867 3868 3869 3875 3976 4018 4066 4133 4263 4291 4306 4338 4387 4518 4520 4539 4540 4579 4588 4611 4662 4743 4772 4819 4865 4944 4946 5101 5103 5124 5160 5253 5316 5339    90 
12 23 35 55 70 110 196 216 231 316 327 364 394 445 469 529 550 591 628 629 671 695 714 773 795 801 835 873 884 895 934 975 1032 1033 1044 1050 1064 1068 1101 1106 1121 1160 1161 1165 1187 1302 1308 1343 1430 1437 1481 1518 1526 1554 1571 1605 1654 1685 1695 1710 1718 1759 1761 1765 1792 1800 1831 1858 1862 1878 1893 1984 2038 2041 2166 2189 2521 2548 2585 2650 2690 2696 2770 2834 2901 2952 2972 2973 3041 3062 3109 3161 3357 3384 3405 3428 3437 3438 3440 3441 3458 3511 3513 3528 3531 3570 3571 3572 3637 3639 3640 3641 3646 3647 3703 3704 3706 3710 3711 3712 3713 3770 4024 4087 4088 4090 4094 4099 4100 4101 4105 4106 4107 4109 4116 4117 4119 4194 4247 4271 4487 4489 4566 4575 4610 4659 4720 4721 4791 4869 4907 4956 4962 5049 5123 5258 5349    39 
11 121 185 707 988 1048 1052 1768 1947 1951 2534 2645 2720 2927 2958 3206 3323 3344 3394 3395 3398 3401 3408 3410 3629 4044 4258 4401 4432 4503 4555 4650 4732 4739 4748 4951 4994 5025 5041 5264    145 
10 31 43 52 66 114 122 132 151 183 187 188 199 200 210 229 240 253 255 266 270 282 294 296 306 368 385 386 387 392 398 404 410 496 541 559 573 576 612 624 635 646 651 657 662 685 688 710 720 723 746 753 754 755 765 767 781 785 807 808 813 825 837 846 883 893 897 913 940 953 961 965 967 970 971 972 977 982 998 1002 1039 1043 1058 1059 1070 1125 1153 1173 1186 1190 1192 1209 1211 1241 1271 1272 1280 1281 1292 1296 1299 1325 1330 1350 1353 1378 1389 1402 1416 1458 1474 1496 1500 1508 1535 1543 1550 1555 1558 1564 1575 1578 1579 1593 1597 1604 1615 1629 1645 1649 1652 1655 1672 1680 1688 1746 1748 1751 1756 1760 1810 1830 1832 1834 1835 1840 1841 1849 1854 1891 1903 1905 1915 1939 1944 1952 1966 1972 1977 1987 1988 2016 2020 2030 2032 2085 2091 2110 2128 2130 2137 2138 2143 2157 2178 2188 2195 2211 2216 2239 2242 2250 2253 2286 2287 2327 2352 2354 2360 2364 2365 2373 2392 2406 2407 2432 2462 2465 2495 2503 2531 2538 2541 2558 2578 2593 2607 2622 2626 2629 2630 2634 2635 2660 2668 2743 2745 2782 2793 2808 2835 2849 2852 2879 2880 2881 2891 2898 2906 2925 2936 2959 2960 2978 2987 2998 3001 3050 3058 3063 3074 3082 3108 3135 3136 3138 3273 3307 3309 3313 3350 3351 3352 3361 3362 3369 3390 3435 3436 3456 3458 3475 3477 3480 3483 3488 3489 3491 3496 3499 3502 3504 3505 3506 3507 3509 3512 3516 3518 3521 3526 3527 3574 3636 3674 3686 3773 3776 3783 3785 3787 3788 3820 3829 3888 3891 3892 3893 3897 3902 3903 3905 3906 3914 3924 3965 3971 3972 3973 3983 3991 4025 4028 4029 4031 4049 4054 4055 4073 4074 4076 4077 4082 4084 4118 4132 4145 4166 4170 4171 4172 4189 4190 4192 4193 4197 4199 4213 4214 4222 4230 4231 4236 4238 4248 4250 4251 4252 4253 4260 4264 4265 4292 4303 4304 4485 4519 4522 4536 4542 4543 4545 4547 4550 4551 4580 4591 4598 4646 4679 4695 4696 4697 4699 4714 4718 4727 4730 4744 4752 4756 4795 4805 4806 4812 4823 4829 4847 4852 4853 4879 4888 4912 4913 4915 4920 4923 5031 5037 5038 5044 5047 5048 5052 5060 5065 5106 5117 5121 5127 5131 5138 5139 5141 5145 5149 5204 5322 5443 5472    53 
9 464 690 1057 1549 1610 2346 2520 2688 2740 3296 3393 3419 4352 4437 4457 4656 4674 4690 5141    110 
8 25 57 118 135 146 170 192 233 268 295 361 393 425 486 498 530 543 545 672 732 748 765 780 855 881 886 920 929 931 935 936 1020 1053 1062 1068 1094 1095 1108 1195 1240 1259 1275 1279 1327 1418 1482 1489 1517 1518 1553 1559 1561 1583 1666 1668 1677 1711 1733 1811 1824 1859 1942 1982 1992 2112 2116 2192 2213 2232 2269 2351 2363 2471 2479 2594 2640 2648 2676 2766 2805 2811 2842 2864 2884 2905 2914 2922 2989 3086 3089 3120 3164 3184 3186 3247 3318 3320 3391 3482 3559 3566 3634 3692 3818 3819 3870 3871 3872 3889 3910 3912 3918 3920 3937 4062 4224 4226 4233 4242 4243 4277 4282 4283 4284 4298 4305 4346 4351 4355 4395 4508 4529 4668 4709 4716 4723 4743 4779 4791 4865 4882 4905 4933 4938 4944 5063 5133 5179 5212 5213 5226 5237 5253 5258 5263 5266 5290 5291 5292 5298 5301 5328 5353 5360 5364 5365 5398 5421 5441 5447 5456 5458 5467 5475 5494 5497 5540 5551 5564 5565 5566 5573 5580 5628 5629 5630    98 
7    91 126 
7 94 203 211 259 260 310 322 403 641 643 723 879 947 985 1055 1114 1177 1256 1294 1309 1381 1417 1444 1458 1494 1544 1636 1649 1652 1682 1767 1823 1880 2199 2300 2412 2457 2540 2552 2769 2813 2882 2890 3014 3060 3077 3100 3113 3156 3157 3219 3244 3627 3776 4020 4239 4377 4381 4540 4553 4560 4640 4730 4758 5006 5028 5149 5470    91 
6 7 214 269 667 903 906 1031 1154 1676 2092 2313 2349 2644 3142 3148 3356 3925 4098 4108 4299 4366 4396 4461 4637 4808 4817 5227 5276 5310 5528 5554    126 
5 37 51 53 409 418 661 713 772 778 949 968 1020 1124 1237 1361 1382 1405 1434 1451 1481 1505 1511 1521 1561 1588 1612 1651 1673 1737 1781 1818 1896 1949 2006 2038 2079 2119 2237 2296 2379 2430 2528 2557 2559 2576 2632 2750 2796 3011 3028 3052 3068 3120 3178 3274 3299 3402 3474 3531 3701 3732 3734 3742 3751 3789 3870 3878 3904 3919 4081 4089 4090 4091 4092 4095 4097 4100 4101 4102 4106 4107 4110 4116 4283 4348 4552 4589 4668 4775 4802 4858 4861 4872 4933 4936 5095 5102 5239 5458 5476 5488 5493 5612    105 
4 30 32 45 77 134 147 202 228 236 280 304 370 619 661 740 742 791 799 861 865 1040 1169 1174 1210 1380 1472 1608 1699 1736 1770 1807 1808 1889 1918 1962 1965 2035 2115 2298 2323 2334 2381 2407 2516 2524 2545 2559 2586 2670 2792 2807 2816 2857 2865 2931 2990 2996 3028 3033 3049 3082 3092 3210 3212 3213 3284 3386 3426 3592 3828 3830 3964 3969 3972 3985 3989 4076 4085 4134 4229 4242 4294 4297 4335 4387 4452 4496 4523 4627 4641 4776 4792 4818 4892 4934 4939 4941 4943 4945 4998 4999 5029 5036 5202 5221 5320 5470    82 
3 29 129 187 190 206 477 542 561 595 730 821 926 1198 1336 1455 1560 1674 1809 1861 1950 2335 2469 2552 2815 2849 3296 3455 3786 3913 3977 4328 4726 4935 4963 5119    49 
2 37 90 128 182 189 321 384 462 514 621 654 712 818 822 960 1115 1239 1403 1567 1617 1644 1793 1864 1961 1964 2036 2116 2176 2364 2473 2475 2485 2536 2542 2617 2624 2765 2777 2799 2951 2981 3019 3059 3105 3112 3252 3258 3261 3280 3306 3319 3471 3472 3478 3604 3767 3768 3790 3795 3797 3898 3990 4034 4053 4075 4123 4126 4128 4147 4167 4174 4201 4205 4210 4259 4309 4380 4383 4443 4546 4615 4626 4755 4765 4767 4830 5053 5055 5172 5233 5280 5367 5368 5455 5477 5504 5526 5536 5639    54 
1    122 132 150 160 
1 4056 4374    122 150 
1 854    122 132 160 
1 854 3833 4212    122 132 
1 854 1784 2499 2778 2824 4349    122 160 
1 665 1318 1788 1814 2869 3090 3777 4056 4112 4286 4322 4374 4685 4828 4918 5141    150 
1 218 500 854 5110    132 160 
1 218 430 500 520 521 531 540 848 854 1017 1029 1293 1377 1490 1534 1572 1692 1750 1784 1876 2034 2126 2154 2156 2207 2342 2396 2499 2601 2707 2778 2824 2831 2877 2896 3076 3127 3262 3266 3295 3296 3297 3622 3775 3900 3959 4009 4014 4111 4135 4169 4349 4353 4354 4356 4370 4372 4376 4533 4603 4736 4758 4831 4887 4890 5110 5152 5161 5336 5471    160 
1 160 164 307 448 553 690 854 939 1013 1045 1119 1146 1249 1283 1326 1360 1406 1784 1885 1959 2256 2420 2428 2447 2499 2526 2606 2778 2791 2824 2858 2912 3130 3359 3445 3774 3806 3807 3833 3923 3928 3947 3998 4056 4159 4168 4212 4244 4256 4307 4308 4320 4333 4337 4349 4350 4361 4374 4377 4393 4410 4411 4412 4424 4429 4510 4671 4848 4900 5050 5069 5079 5108    122 
1 123 171 179 218 500 554 854 1159 1269 1358 1758 2468 2638 2819 3007 3193 3557 3602 3833 3876 3877 3886 3994 4006 4115 4212 4416 4557 4593 4614 4762 4840 4851 5110 5317    132 
