468 1946
0 0
1 0
2 0
3 0
4 0
5 0
6 0
7 0
8 0
9 0
10 0
11 0
12 0
3 1
8 1
9 1
14 1
15 1
16 1
17 1
19 1
20 1
21 1
22 1
23 1
24 1
25 1
27 1
28 1
29 1
32 1
33 1
35 1
37 1
38 1
39 1
40 1
41 1
42 1
43 1
44 1
45 1
46 1
47 1
48 1
49 1
50 1
51 1
52 1
53 1
54 1
55 1
56 1
57 1
58 1
59 1
1 2
3 2
8 2
11 2
35 2
59 2
61 2
62 2
63 2
1 3
3 3
8 3
28 3
35 3
59 3
64 3
65 3
67 3
68 3
69 3
11 4
30 4
70 4
71 4
72 4
73 4
3 5
9 5
33 5
72 5
74 5
75 5
8 6
76 6
2 7
9 7
30 7
35 7
53 7
72 7
72 8
78 8
3 9
24 9
33 9
72 9
3 10
9 10
30 10
42 10
65 10
80 10
81 10
3 11
9 11
10 11
35 11
42 11
72 11
74 11
82 11
83 11
84 11
9 12
11 12
33 12
35 12
36 12
37 12
61 12
85 12
87 12
88 12
3 13
10 13
28 13
35 13
36 13
72 13
89 13
1 14
3 14
10 14
33 14
42 14
62 14
72 14
74 14
81 14
90 14
91 14
92 14
93 14
3 15
8 15
9 15
42 15
47 15
59 15
74 15
81 15
94 15
95 15
96 15
33 16
34 16
37 16
65 16
72 16
95 16
1 17
3 17
9 17
11 17
16 17
18 17
30 17
42 17
59 17
65 17
86 17
96 17
97 17
99 17
100 17
101 17
102 17
105 17
3 18
14 18
30 18
74 18
86 18
92 18
106 18
1 19
9 19
30 19
34 19
55 19
60 19
94 19
107 19
108 19
8 20
10 20
11 20
109 20
110 20
3 21
23 21
30 21
65 21
91 21
111 21
112 21
113 21
114 21
115 21
116 21
117 21
118 21
3 22
119 22
120 22
3 23
121 23
122 23
123 23
2 24
3 24
13 24
30 24
42 24
120 24
124 24
12 25
33 25
35 25
74 25
81 25
3 26
9 26
35 26
36 26
37 26
42 26
106 26
125 26
126 26
127 26
36 27
60 27
128 27
129 27
130 27
131 27
3 28
9 28
34 28
83 28
116 28
120 28
132 28
60 29
1 30
3 30
9 30
37 30
42 30
53 30
63 30
76 30
134 30
135 30
136 30
137 30
138 30
139 30
140 30
1 31
3 31
11 31
34 31
42 31
62 31
63 31
81 31
141 31
142 31
143 31
144 31
3 32
9 32
30 32
79 32
145 32
3 33
9 33
42 33
131 33
1 34
3 34
9 34
32 34
65 34
118 34
144 34
146 34
0 35
3 35
8 35
10 35
3 36
7 36
8 36
10 36
36 36
63 36
133 36
149 36
150 36
151 36
152 36
153 36
3 37
33 37
42 37
81 37
141 37
154 37
155 37
3 38
8 38
32 38
47 38
156 38
1 39
3 39
8 39
36 39
38 39
61 39
110 39
127 39
145 39
156 39
157 39
158 39
159 39
160 39
1 40
30 40
33 40
37 40
42 40
47 40
96 40
119 40
148 40
161 40
3 41
23 41
36 41
43 41
145 41
155 41
156 41
3 42
8 42
9 42
16 42
34 42
162 42
163 42
1 43
29 43
35 43
76 43
164 43
165 43
166 43
18 44
122 44
132 44
3 45
8 45
9 45
10 45
28 45
35 45
42 45
63 45
132 45
168 45
3 46
8 46
30 46
53 46
92 46
169 46
170 46
3 47
9 47
10 47
42 47
62 47
94 47
163 47
3 48
8 48
9 48
10 48
53 48
109 48
172 48
17 49
173 49
174 49
175 49
3 50
9 50
65 50
86 50
176 50
3 51
5 51
9 51
19 51
23 51
34 51
35 51
37 51
92 51
98 51
104 51
106 51
121 51
122 51
138 51
165 51
174 51
178 51
179 51
180 51
181 51
182 51
3 52
30 52
62 52
65 52
122 52
142 52
185 52
186 52
3 53
9 53
30 53
74 53
82 53
98 53
187 53
8 54
171 54
188 54
9 55
33 55
42 55
72 55
105 55
145 55
1 56
3 56
9 56
42 56
60 56
61 56
62 56
83 56
108 56
179 56
189 56
190 56
1 57
3 57
65 57
135 57
180 57
191 57
192 57
193 57
42 58
63 58
81 58
1 59
3 59
9 59
37 59
71 59
0 60
1 60
3 60
9 60
10 60
42 60
53 60
124 60
147 60
163 60
194 60
195 60
3 61
86 61
193 61
3 62
1 63
10 63
30 63
35 63
3 64
30 64
72 64
81 64
145 64
195 64
3 65
8 65
11 65
34 65
70 65
109 65
112 65
184 65
191 65
192 65
196 65
197 65
198 65
3 66
11 66
23 66
34 66
37 66
62 66
74 66
79 66
144 66
183 66
189 66
199 66
200 66
201 66
202 66
1 67
3 67
30 67
31 67
42 67
62 67
71 67
96 67
99 67
120 67
199 67
203 67
204 67
205 67
3 68
9 68
42 68
180 68
3 69
9 69
20 69
28 69
36 69
63 69
193 69
206 69
1 70
3 70
8 70
9 70
10 70
30 70
33 70
34 70
35 70
36 70
42 70
58 70
70 70
143 70
144 70
207 70
208 70
3 71
36 71
114 71
209 71
65 72
210 72
211 72
10 73
33 73
3 74
8 74
14 74
34 74
36 74
81 74
95 74
129 74
208 74
212 74
213 74
214 74
3 75
8 75
9 75
29 75
33 75
3 76
36 76
93 76
130 76
190 76
3 77
9 77
30 77
3 78
47 78
77 78
180 78
196 78
217 78
218 78
219 78
3 79
8 79
16 79
17 79
83 79
108 79
3 80
36 80
81 80
3 81
17 81
79 81
3 82
64 82
66 82
108 82
26 83
220 83
3 84
9 84
42 84
77 84
81 84
106 84
130 84
222 84
3 85
8 85
30 85
33 85
36 85
59 85
76 85
99 85
223 85
224 85
1 86
3 86
8 86
9 86
10 86
16 86
24 86
28 86
30 86
42 86
61 86
63 86
70 86
72 86
92 86
120 86
204 86
225 86
226 86
227 86
228 86
3 87
9 87
10 87
11 87
30 87
36 87
42 87
70 87
71 87
72 87
190 87
229 87
230 87
1 88
3 88
59 88
72 88
79 88
81 88
86 88
138 88
231 88
3 89
10 89
56 89
108 89
3 90
42 90
81 90
99 90
233 90
10 91
30 91
43 92
208 92
235 92
3 93
60 93
236 94
3 95
8 95
19 95
64 95
66 95
89 95
171 95
227 95
17 96
3 97
8 97
35 97
145 97
237 97
238 97
239 97
1 98
3 98
36 98
42 98
47 98
60 98
70 98
81 98
83 98
92 98
96 98
145 98
146 98
156 98
162 98
183 98
221 98
34 99
70 99
3 100
83 100
179 100
14 101
37 101
57 101
171 102
227 102
28 103
9 104
96 104
3 105
17 105
8 106
157 106
237 106
1 107
208 107
3 108
10 108
33 108
36 108
71 108
74 109
193 109
3 110
31 110
3 111
119 111
37 112
8 113
38 113
109 113
171 113
240 113
81 114
1 115
3 115
17 115
35 115
61 115
89 115
193 115
225 115
177 116
17 117
60 117
241 118
1 119
23 119
143 119
3 120
53 120
64 120
67 120
133 120
136 120
221 121
0 122
105 122
227 122
11 123
33 124
81 124
129 124
149 124
239 124
3 125
208 125
147 126
243 126
3 127
33 127
35 127
74 127
33 128
35 128
74 128
75 128
82 128
227 128
37 129
3 130
33 130
37 130
70 130
85 130
11 131
67 131
214 131
244 131
245 132
8 133
10 133
23 133
34 133
14 134
3 135
142 136
3 137
138 137
8 138
33 138
65 138
2 139
3 139
8 139
28 139
35 139
18 140
44 140
148 141
156 141
3 142
60 142
118 142
183 142
3 143
24 143
30 143
57 143
83 143
227 143
238 143
247 143
2 144
3 144
37 144
61 144
8 145
35 145
86 145
248 146
3 147
109 147
171 147
3 148
68 148
249 148
3 149
19 149
64 149
66 149
250 149
251 149
3 150
74 150
0 151
239 152
9 153
10 154
33 154
47 154
95 154
208 154
19 155
64 155
66 155
136 155
138 155
252 155
208 156
9 157
35 157
68 157
3 158
253 158
3 159
36 159
253 159
1 160
7 160
8 160
43 160
61 160
74 160
145 160
193 160
220 160
254 160
255 160
256 160
179 161
257 161
109 162
65 163
60 164
183 164
258 164
34 165
144 165
227 166
60 167
259 167
8 168
37 168
94 168
109 168
243 168
3 169
35 169
76 169
9 170
42 170
74 171
147 172
63 173
92 174
3 175
11 175
17 175
55 175
57 175
60 175
86 175
99 175
103 175
109 175
239 175
105 176
3 177
23 177
183 177
260 178
81 179
3 180
35 180
64 180
67 180
3 181
28 181
35 181
215 181
65 182
156 182
3 183
8 183
78 183
156 183
171 183
227 183
3 184
8 184
9 184
35 184
63 184
220 184
261 184
38 185
8 186
81 186
135 186
263 186
264 186
62 187
105 187
229 187
3 188
35 188
63 188
94 188
98 188
265 188
266 188
16 189
35 190
61 190
74 190
33 191
33 192
34 193
65 193
156 193
207 193
267 193
3 194
33 194
37 194
42 194
53 194
81 194
99 194
105 194
118 194
123 194
220 194
268 194
270 194
271 194
1 195
3 195
9 195
10 195
11 195
12 195
30 195
35 195
42 195
63 195
65 195
70 195
83 195
85 195
86 195
98 195
104 195
140 195
179 195
190 195
193 195
206 195
246 195
272 195
273 195
274 195
265 196
35 197
105 197
3 198
36 198
227 198
275 198
3 199
105 199
3 200
35 200
70 200
75 200
129 200
144 200
185 200
191 200
239 200
265 200
276 200
277 200
278 200
279 200
1 201
29 202
146 203
1 204
3 204
33 204
232 204
280 204
281 204
61 205
231 205
282 205
3 206
60 206
215 206
3 207
63 207
263 207
3 208
8 208
64 208
67 208
283 208
227 209
247 209
3 210
70 210
155 210
191 210
257 210
277 210
279 210
171 211
33 212
60 212
76 212
155 212
167 212
183 212
215 212
239 212
3 213
8 213
35 213
215 213
284 213
3 214
12 214
18 214
19 214
239 214
240 214
29 215
37 215
81 215
99 215
232 215
3 216
33 216
171 216
285 216
286 216
135 217
1 218
2 218
3 218
8 218
9 218
10 218
12 218
13 218
18 218
23 218
42 218
53 218
61 218
62 218
63 218
64 218
65 218
66 218
68 218
74 218
81 218
83 218
104 218
106 218
116 218
127 218
140 218
186 218
190 218
208 218
225 218
240 218
272 218
287 218
288 218
290 218
291 218
292 218
293 218
92 219
3 220
8 220
23 220
28 220
33 220
57 220
65 220
76 220
1 221
3 221
29 221
62 221
1 222
3 222
9 222
10 222
33 222
294 222
295 223
3 224
8 224
3 225
249 225
1 226
3 226
30 226
296 226
37 227
3 228
8 228
35 228
66 228
177 228
283 228
297 228
30 229
200 229
298 229
8 230
35 230
135 230
215 230
157 231
37 232
133 232
215 233
3 234
104 234
236 234
299 234
3 235
8 235
30 235
35 235
300 235
8 236
38 236
160 236
3 237
3 238
8 238
172 238
271 238
301 238
302 238
303 238
3 239
37 239
304 239
65 240
143 240
3 241
42 241
98 241
133 241
138 241
248 241
23 242
144 242
1 243
3 243
35 243
37 243
67 243
85 243
92 243
240 243
305 243
38 244
157 244
37 245
64 245
306 245
307 245
308 246
3 247
17 247
24 247
57 247
61 247
62 247
65 247
307 247
3 248
8 248
11 248
28 248
33 248
35 248
70 248
74 248
85 248
86 248
89 248
128 248
179 248
277 248
279 248
309 248
310 248
59 249
3 250
17 250
3 251
8 251
9 251
10 251
37 251
109 251
247 251
3 252
30 252
0 253
8 253
3 254
8 254
14 254
64 254
3 255
19 255
208 255
3 256
185 256
29 257
3 258
8 258
302 258
3 259
8 259
35 259
86 259
263 259
3 260
19 260
64 260
311 260
23 261
34 261
1 262
8 262
14 262
17 262
65 262
98 262
239 262
312 262
37 263
42 263
115 263
3 264
33 264
42 264
81 264
3 265
8 265
42 265
133 265
142 265
171 265
301 265
313 265
314 265
302 266
3 267
21 267
1 268
3 268
8 268
9 268
10 268
11 268
16 268
24 268
30 268
35 268
42 268
53 268
68 268
74 268
80 268
83 268
86 268
99 268
129 268
142 268
179 268
208 268
233 268
254 268
268 268
302 268
315 268
316 268
3 269
8 269
17 269
19 269
35 269
64 269
66 269
67 269
245 269
8 270
35 270
38 270
253 270
280 270
3 271
8 271
109 271
135 271
171 271
301 271
317 271
318 271
3 272
21 272
3 273
8 273
29 273
32 273
33 273
35 273
38 273
54 273
61 273
62 273
65 273
70 273
74 273
83 273
85 273
94 273
109 273
111 273
147 273
156 273
157 273
165 273
172 273
193 273
197 273
218 273
229 273
268 273
270 273
316 273
319 273
320 273
321 273
322 273
3 274
279 274
323 274
3 275
9 276
37 276
3 277
299 277
311 277
1 278
3 278
8 278
9 278
10 278
16 278
17 278
33 278
35 278
63 278
65 278
92 278
95 278
96 278
109 278
117 278
127 278
144 278
146 278
156 278
324 278
325 278
326 278
8 279
34 279
36 279
70 279
138 279
172 279
218 279
294 279
301 279
327 279
328 279
329 279
330 279
331 279
3 280
8 280
32 280
35 280
47 280
65 280
82 280
86 280
143 280
332 280
3 281
53 281
133 281
35 282
265 282
3 283
21 283
32 283
33 283
47 283
2 284
109 284
172 284
247 284
3 285
325 285
35 286
33 287
60 288
215 288
10 289
81 289
61 290
33 291
86 291
3 292
63 292
92 292
3 293
17 293
24 293
60 293
249 293
12 294
23 294
34 294
36 294
53 294
3 295
8 295
28 295
33 295
35 295
62 295
67 295
123 295
138 295
154 295
155 295
157 295
213 295
247 295
37 296
81 296
3 297
277 297
96 298
329 299
283 300
228 301
3 302
9 302
34 302
37 302
42 302
225 302
33 303
9 304
37 304
53 304
3 305
6 305
8 305
59 305
70 305
92 305
129 305
227 305
239 305
316 305
335 305
336 305
337 305
338 305
339 305
16 306
283 306
23 307
34 307
35 308
62 308
12 309
23 309
34 309
109 310
301 310
3 311
70 311
279 311
3 312
35 312
82 312
302 313
34 314
35 314
62 314
94 314
3 315
104 315
311 315
11 316
36 317
304 318
3 319
71 319
59 320
68 320
227 321
99 322
71 323
71 324
249 325
3 326
60 326
65 326
16 327
19 327
23 327
34 327
143 327
183 327
283 327
311 327
3 328
59 328
3 329
8 329
24 329
53 329
70 329
86 329
110 329
158 329
35 330
37 330
36 331
42 331
131 332
3 333
23 333
62 333
202 333
19 334
60 334
62 334
307 334
74 335
9 336
33 336
35 336
37 336
89 336
138 336
142 336
294 337
196 338
279 338
321 339
11 340
35 340
38 340
61 340
96 340
145 340
157 340
70 341
146 342
156 342
340 342
3 343
42 343
53 343
83 343
91 343
166 343
236 343
299 343
341 343
342 343
3 344
23 344
26 344
34 344
62 344
136 344
316 344
338 344
343 344
344 344
8 345
11 345
28 345
33 345
265 345
284 345
3 346
10 346
33 346
36 346
8 347
33 347
179 347
59 348
215 348
311 348
3 349
70 349
327 349
313 350
9 351
265 351
0 352
3 352
8 352
240 352
270 352
34 353
35 353
37 354
129 354
3 355
147 355
3 356
127 356
215 356
243 356
8 357
160 357
302 358
8 359
109 359
171 359
8 360
1 361
3 361
8 361
10 361
38 361
42 361
43 361
53 361
54 361
65 361
96 361
156 361
213 361
229 361
234 361
254 361
262 361
328 361
1 362
35 362
75 362
125 362
33 363
36 363
53 363
3 364
9 364
18 364
42 364
140 364
325 364
345 364
71 365
3 366
144 366
346 366
3 367
8 367
35 367
64 367
67 367
239 367
307 367
3 368
35 368
171 368
302 368
1 369
3 369
8 369
18 369
30 369
35 369
74 369
92 369
109 369
151 369
197 369
215 369
245 369
347 369
311 370
16 371
3 372
10 372
37 372
133 372
8 373
109 373
171 373
301 373
3 374
8 374
127 374
171 374
3 375
61 375
85 375
215 375
238 376
21 377
3 378
23 378
35 378
57 378
58 378
61 378
231 378
348 378
349 378
3 379
60 379
62 379
9 380
129 380
3 381
8 381
109 381
171 381
34 382
3 383
57 383
59 383
3 384
8 384
23 384
34 384
35 384
74 384
85 384
201 384
254 384
315 384
347 384
10 385
1 386
3 386
32 386
36 386
37 386
42 386
53 386
65 386
115 386
130 386
3 387
30 387
32 387
83 387
92 387
156 387
251 387
265 387
283 387
350 387
351 387
3 388
74 388
86 389
1 390
9 390
17 390
26 390
27 390
33 390
37 390
42 390
60 390
61 390
63 390
65 390
68 390
74 390
81 390
83 390
92 390
95 390
98 390
105 390
122 390
145 390
154 390
155 390
156 390
171 390
208 390
215 390
221 390
239 390
247 390
325 390
327 390
352 390
353 390
354 390
355 390
356 390
3 391
8 391
16 391
30 391
31 391
35 391
36 391
37 391
60 391
65 391
70 391
74 391
106 391
121 391
122 391
142 391
231 391
3 392
35 392
63 392
89 392
141 392
8 393
109 393
131 393
171 393
305 393
357 393
1 394
9 394
10 394
37 394
53 394
56 394
90 395
265 395
3 396
185 396
104 397
239 397
247 397
358 397
11 398
30 398
35 398
58 398
135 398
53 399
78 400
96 400
156 400
326 400
3 401
138 401
286 401
3 402
16 402
98 403
1 404
3 404
8 404
24 404
30 404
33 404
35 404
37 404
62 404
63 404
70 404
76 404
85 404
127 404
136 404
167 404
171 404
191 404
251 404
268 404
279 404
359 404
360 404
361 404
3 405
61 405
147 405
167 405
249 405
254 405
67 406
102 406
35 407
74 407
8 408
109 408
171 408
53 409
3 410
5 410
8 410
9 410
10 410
30 410
35 410
37 410
42 410
61 410
63 410
96 410
102 410
116 410
119 410
138 410
167 410
179 410
283 410
328 410
9 411
37 411
81 411
133 411
1 412
3 412
23 412
34 412
61 412
143 412
1 413
3 413
8 413
86 413
240 413
35 414
76 414
35 415
74 415
138 415
231 415
3 416
199 416
200 416
29 417
3 418
7 418
43 418
60 418
65 418
1 419
3 419
225 419
329 419
33 420
59 420
228 420
3 421
9 421
3 422
24 422
81 422
11 423
35 423
2 424
16 424
33 424
35 424
96 424
138 424
193 424
231 424
305 424
3 425
34 425
62 425
71 425
227 425
1 426
3 426
35 426
85 426
145 426
146 426
163 426
215 426
3 427
64 427
311 427
3 428
9 428
33 428
35 428
37 428
62 428
90 428
138 428
301 428
321 428
364 428
21 429
8 430
171 430
227 430
123 431
298 431
23 432
30 433
37 433
302 433
70 434
17 435
3 436
37 436
53 436
103 436
135 436
365 436
366 436
325 437
8 438
9 438
38 438
57 438
63 438
65 438
138 438
145 438
156 438
227 438
293 438
302 438
60 439
3 440
8 440
35 440
38 440
157 440
247 440
333 440
3 441
127 441
172 441
302 441
37 442
62 442
144 442
8 443
16 443
60 443
3 444
8 444
24 444
35 444
60 444
74 444
82 444
98 444
114 444
129 444
141 444
193 444
263 444
35 445
37 445
3 446
80 446
3 447
122 447
247 447
333 447
3 448
11 448
35 448
62 448
118 448
367 448
65 449
156 449
3 450
8 450
10 450
28 450
33 450
34 450
35 450
63 450
65 450
89 450
263 450
265 450
299 450
311 450
326 450
331 450
363 450
369 450
370 450
3 451
8 451
64 451
307 451
318 451
3 452
60 452
19 453
64 453
65 453
66 453
251 453
196 454
279 454
83 455
9 456
3 457
61 457
74 457
37 458
249 459
8 460
35 460
59 460
3 461
8 461
86 461
3 462
31 462
3 463
265 463
9 464
37 464
1 465
70 466
81 466
3 467
35 467
81 467
85 467
128 467
3 468
33 468
3 469
60 469
3 470
23 470
60 470
92 471
70 472
35 473
238 473
17 474
65 474
135 474
286 474
3 475
8 475
63 475
92 475
103 475
171 475
243 475
367 475
193 476
3 477
263 477
65 478
105 479
33 480
227 480
247 480
248 480
3 481
239 481
371 482
372 482
3 483
35 483
127 483
172 483
238 483
333 483
24 484
239 485
3 486
81 486
3 487
53 487
62 487
234 487
3 488
227 488
68 489
83 489
33 490
74 490
35 491
59 491
68 491
1 492
53 492
96 492
156 492
288 492
30 493
3 494
11 494
83 494
33 495
68 495
151 495
265 496
8 497
70 497
92 497
102 497
119 497
373 497
374 497
1 498
138 499
11 500
30 500
35 500
70 500
74 500
375 500
3 501
8 501
299 501
3 502
8 502
11 502
85 502
86 502
109 502
157 502
160 502
171 502
227 502
376 502
0 503
3 503
8 503
74 503
160 503
3 504
35 504
63 504
221 504
3 505
30 505
64 505
151 505
299 505
311 505
340 505
122 506
131 506
3 507
119 507
299 507
33 508
37 508
60 508
3 509
8 510
35 510
109 510
157 510
238 510
247 510
277 511
3 512
8 512
109 512
171 512
172 512
227 512
238 512
3 513
33 513
35 513
36 513
193 513
213 513
231 513
294 513
30 514
33 515
60 515
3 516
83 516
265 516
253 517
9 518
35 519
227 519
302 519
377 519
19 520
35 520
42 521
53 521
135 521
3 522
249 522
37 523
199 523
242 523
3 524
35 524
37 524
60 524
65 524
135 524
143 524
346 524
144 525
3 526
8 526
16 526
24 526
263 526
3 527
9 527
26 527
36 527
96 527
146 527
296 527
370 527
378 527
329 528
265 529
3 530
8 530
86 530
1 531
3 531
8 531
37 531
109 531
127 531
171 531
3 532
34 532
143 532
201 532
228 533
3 534
63 535
240 536
3 537
8 537
109 537
127 537
3 538
3 539
8 539
70 540
131 540
277 540
35 541
53 541
147 542
3 543
59 543
3 544
37 544
65 544
81 544
143 544
155 544
258 544
281 544
373 544
3 545
8 545
109 545
65 546
33 547
35 547
253 547
276 547
33 548
299 549
311 549
35 550
71 550
114 550
379 550
160 551
70 552
105 553
240 553
8 554
33 554
35 554
37 554
81 554
102 554
119 554
157 554
160 554
8 555
109 555
171 555
3 556
19 556
35 556
251 556
311 556
3 557
8 557
109 557
171 557
3 558
8 558
28 558
33 558
35 558
86 558
33 559
35 559
239 559
3 560
33 560
3 561
35 561
53 561
85 561
196 561
279 561
323 561
328 561
3 562
35 562
142 562
277 562
279 562
131 563
3 564
151 564
30 565
70 565
3 566
8 566
109 566
171 566
301 566
302 566
8 567
213 567
264 567
3 568
302 568
10 569
320 569
3 570
8 570
35 570
226 570
376 570
3 571
8 571
35 571
64 571
65 571
311 571
105 572
3 573
8 573
28 573
35 573
53 573
131 573
311 573
33 574
204 574
146 575
203 575
8 576
171 576
227 576
3 577
8 577
35 577
86 577
105 577
35 578
63 578
65 578
70 579
92 579
320 579
3 580
74 580
3 581
8 581
35 581
60 581
86 581
300 581
65 582
74 582
380 583
3 584
24 584
35 584
227 584
238 584
35 585
109 585
171 585
37 586
8 587
16 587
28 587
33 587
35 587
263 587
3 588
225 588
3 589
68 589
3 590
8 590
26 590
33 590
42 590
60 590
70 590
89 590
104 590
191 590
215 590
243 590
277 590
279 590
381 590
9 591
382 591
3 592
19 592
64 592
66 592
1 593
30 593
64 593
71 593
99 593
228 593
3 594
8 594
9 594
10 594
35 594
157 594
227 594
247 594
8 595
109 595
171 595
383 595
8 596
109 596
171 596
3 597
35 597
61 597
64 597
85 597
0 598
213 598
243 598
3 599
35 599
61 599
74 599
25 600
196 600
279 600
323 600
3 601
10 601
33 601
35 601
37 601
74 601
225 601
294 601
104 602
150 602
71 603
1 604
3 604
12 604
30 604
34 604
40 604
86 604
143 604
246 604
258 604
281 604
157 605
160 605
3 606
35 606
58 606
28 607
35 607
57 607
74 607
38 608
157 608
237 608
105 609
263 609
171 610
1 611
10 611
28 611
30 611
35 611
42 611
65 611
85 611
92 611
125 611
138 611
277 611
278 611
349 611
377 611
385 611
17 612
3 613
8 613
11 613
35 613
86 613
3 614
64 614
146 614
3 615
35 615
238 615
3 616
33 616
74 616
81 616
82 616
114 616
2 617
3 617
35 617
225 617
227 618
302 618
131 619
3 620
185 620
3 621
31 621
65 621
175 622
3 623
36 623
53 623
70 623
106 623
131 623
196 623
257 623
277 623
279 623
387 623
388 623
3 624
33 624
35 624
74 624
30 625
3 626
35 626
265 626
208 627
175 628
0 629
3 629
149 629
33 630
98 630
3 631
8 631
109 631
197 631
3 632
109 632
185 632
227 632
83 633
3 634
35 634
74 634
147 634
193 634
263 634
9 635
33 635
35 635
37 635
63 635
65 635
98 635
11 636
37 636
3 637
362 637
11 638
3 639
26 639
32 639
96 639
3 640
83 640
215 640
1 641
3 641
59 641
83 641
8 642
16 642
3 643
17 643
35 643
74 643
85 643
263 643
379 643
3 644
16 644
3 645
109 645
60 646
65 646
155 646
172 646
8 647
9 648
179 648
265 648
9 649
9 650
3 651
33 651
36 651
53 651
56 651
10 652
42 652
10 653
63 654
3 655
35 655
193 655
207 655
227 655
1 656
3 656
185 656
338 656
21 657
23 657
389 657
1 658
3 658
29 658
30 658
63 658
75 658
142 658
297 658
3 659
160 659
227 659
8 660
3 661
10 661
28 661
37 661
65 661
74 661
83 661
154 661
179 661
390 661
3 662
8 662
70 662
136 662
160 662
171 662
227 662
304 662
3 663
225 663
0 664
3 664
8 664
171 664
334 664
30 665
127 665
3 666
8 666
11 666
33 666
86 666
227 666
3 667
65 667
33 668
215 668
147 669
3 670
9 670
10 670
34 670
35 670
37 670
90 670
138 670
171 670
391 670
21 671
29 671
35 671
141 671
3 672
17 672
28 672
33 672
37 672
59 672
60 672
65 672
171 673
3 674
36 674
92 674
208 674
68 675
215 675
3 676
145 676
156 676
8 677
160 677
171 677
172 678
8 679
10 679
171 679
247 679
362 679
3 680
8 680
311 680
373 680
33 681
58 681
109 681
301 681
392 681
36 682
66 682
3 683
28 683
35 683
67 683
3 684
8 684
35 684
227 684
238 684
243 684
393 684
3 685
35 685
64 685
66 685
3 686
33 686
35 686
58 686
371 686
392 686
53 687
109 687
171 687
60 688
65 688
81 688
143 688
9 689
10 689
8 690
38 690
11 691
38 691
65 691
23 692
34 692
143 692
1 693
33 693
3 694
64 694
227 694
21 695
65 695
3 696
83 696
3 697
8 697
60 697
65 697
171 697
243 697
8 698
109 698
171 698
3 699
8 699
16 699
35 699
367 699
3 700
8 700
23 700
215 700
62 701
65 701
129 702
3 703
122 703
131 703
265 703
2 704
33 704
30 705
142 705
8 706
171 706
302 706
9 707
53 707
138 707
3 708
9 708
10 708
19 708
35 708
37 708
47 708
53 708
85 708
129 708
286 709
394 709
3 710
208 710
71 711
33 712
58 712
125 712
3 713
8 713
38 713
122 713
227 713
30 714
65 714
129 714
325 714
3 715
172 715
3 716
171 717
3 718
135 718
265 718
36 719
57 719
3 720
243 720
35 721
83 721
3 722
35 722
172 722
238 722
3 723
35 723
47 723
61 723
63 723
118 723
326 723
328 723
3 724
8 724
26 724
35 724
60 724
65 724
74 724
83 724
213 724
228 724
257 724
277 724
329 724
395 724
8 725
109 725
302 725
171 726
239 727
21 728
248 729
81 730
135 730
208 730
276 730
3 731
301 731
35 732
265 733
3 734
303 734
16 735
30 735
34 735
92 735
98 735
155 735
248 735
299 735
387 735
33 736
171 736
33 737
35 738
3 739
8 739
171 739
227 739
3 740
35 740
75 740
265 740
35 741
82 741
85 741
239 741
3 742
129 742
278 742
279 742
240 743
3 744
9 744
10 744
37 744
8 745
17 745
166 745
171 745
9 746
3 747
265 747
3 748
8 748
36 748
74 748
81 748
301 748
3 749
65 749
107 749
154 749
155 749
396 749
1 750
35 751
318 751
1 752
33 753
397 753
3 754
10 754
28 754
33 754
35 754
36 754
42 754
53 754
125 754
215 754
253 754
3 755
8 755
109 755
135 755
171 755
3 756
92 756
3 757
24 757
33 757
99 757
8 758
36 758
3 759
8 759
86 759
3 760
30 760
61 760
144 760
327 760
9 761
3 762
36 762
37 763
307 763
9 764
14 764
20 764
33 764
34 764
35 764
42 764
57 764
58 764
102 764
119 764
138 764
183 764
201 764
349 764
371 764
399 764
400 764
1 765
9 765
99 765
9 766
34 766
37 766
70 766
98 766
35 767
104 767
297 767
306 767
311 767
3 768
37 768
53 768
62 768
90 768
179 768
8 769
80 770
70 771
3 772
8 772
16 772
63 772
138 772
155 772
33 773
71 773
179 773
297 774
311 774
3 775
28 775
31 775
35 775
63 775
74 775
75 775
98 775
3 776
62 776
144 776
215 776
3 777
8 777
9 777
109 777
226 777
59 778
35 779
64 779
231 779
236 779
299 779
401 779
63 780
3 781
99 781
3 782
80 782
11 783
3 784
35 784
64 784
66 784
279 784
3 785
8 785
215 785
284 785
11 786
16 786
185 787
37 788
171 789
129 790
8 791
30 791
35 791
86 791
300 791
3 792
35 792
61 792
179 792
231 792
37 793
402 793
3 794
9 794
33 794
35 794
37 794
83 794
85 794
239 794
3 795
29 795
34 796
33 797
294 797
3 798
10 798
37 798
70 798
9 799
33 799
240 799
3 800
128 800
19 801
104 801
3 802
8 802
20 802
35 802
82 802
109 802
149 802
171 802
177 802
231 802
240 802
301 802
386 802
403 802
32 803
156 803
3 804
8 804
35 804
58 804
144 804
155 804
171 804
404 804
3 805
35 805
157 805
247 805
3 806
147 806
225 806
33 807
129 807
328 807
3 808
36 808
74 808
193 808
3 809
215 809
8 810
157 810
160 810
3 811
301 811
33 812
123 812
215 812
3 813
37 813
233 813
105 814
104 815
3 816
277 816
405 816
3 817
35 817
109 817
171 817
172 817
238 817
302 817
406 817
35 818
3 819
11 819
35 820
8 821
17 821
205 821
3 822
33 822
325 822
102 823
149 824
171 824
3 825
8 825
28 825
35 825
58 825
63 825
98 825
371 825
9 826
8 827
11 827
35 827
86 827
284 827
300 827
3 828
35 828
74 828
3 829
42 829
145 829
277 829
8 830
35 830
3 831
70 831
277 831
70 832
3 833
8 833
35 833
109 833
171 833
3 834
82 834
231 834
247 834
59 835
60 835
3 836
35 836
64 836
311 836
283 837
34 838
35 838
94 838
105 838
14 839
62 839
17 840
239 841
3 842
8 842
35 842
74 842
231 842
3 843
17 843
3 844
30 844
214 844
3 845
24 845
8 846
35 846
171 846
238 846
142 847
3 848
11 848
21 848
57 848
3 849
14 849
59 849
65 849
155 849
263 849
332 849
227 850
66 851
11 852
37 852
3 853
19 853
34 853
35 853
37 853
47 853
62 853
106 853
118 853
127 853
129 853
149 853
156 853
179 853
227 853
238 853
257 853
213 854
8 855
311 855
3 856
8 856
64 856
238 856
36 857
56 857
8 858
34 858
42 858
81 858
109 858
3 859
8 859
11 859
27 859
35 859
74 859
86 859
171 859
177 859
231 859
284 859
288 859
302 859
310 859
406 859
3 860
8 860
27 860
109 860
3 861
35 861
64 861
66 861
68 861
297 861
70 862
3 863
196 863
279 863
3 864
8 864
325 864
3 865
35 865
61 865
409 865
410 865
61 866
35 867
61 867
89 867
177 867
193 867
231 867
3 868
23 868
33 868
42 868
61 868
119 868
127 868
138 868
171 868
185 868
208 868
238 868
320 868
338 868
411 868
412 868
413 868
64 869
66 869
8 870
171 870
226 870
243 870
247 870
302 870
1 871
3 871
29 871
3 872
23 872
32 872
62 872
70 872
98 872
155 872
156 872
183 872
196 872
202 872
279 872
11 873
167 873
240 874
3 875
35 875
127 875
227 875
239 875
247 875
3 876
28 876
60 876
3 877
70 877
185 877
277 877
288 877
8 878
247 878
1 879
33 880
65 881
92 881
33 882
58 882
8 883
8 884
35 884
38 884
63 884
3 885
8 885
37 885
64 885
113 885
171 885
227 885
240 885
277 885
279 886
3 887
135 887
3 888
35 888
3 889
171 889
185 889
3 890
9 890
81 890
179 890
1 891
311 892
3 893
71 893
414 894
33 895
239 896
157 897
247 897
35 898
138 898
231 898
3 899
185 899
3 900
18 900
37 900
53 900
81 900
94 900
149 900
185 900
227 900
239 900
240 900
151 901
28 902
105 902
47 903
96 903
118 903
156 903
3 904
23 904
34 904
143 904
242 905
71 906
3 907
28 907
63 907
70 907
106 907
178 907
225 907
251 907
277 907
3 908
24 908
70 908
151 908
3 909
60 909
89 909
10 910
65 910
3 911
109 911
1 912
3 912
10 912
26 912
30 912
33 912
35 912
37 912
42 912
53 912
65 912
70 912
74 912
85 912
106 912
138 912
210 912
257 912
277 912
280 912
283 912
287 912
363 912
367 912
410 912
415 912
416 912
417 912
418 912
16 913
3 914
3 915
8 915
10 915
30 915
35 915
92 915
94 915
215 915
227 915
265 915
64 916
144 916
8 917
147 917
71 918
3 919
35 919
138 919
172 919
30 920
37 920
70 920
146 921
3 922
8 922
23 922
28 922
34 922
63 922
143 922
59 923
147 923
23 924
62 924
3 925
215 925
3 926
28 926
35 926
231 926
327 926
3 927
62 927
68 927
94 927
304 928
3 929
8 929
33 929
35 929
60 929
74 929
82 929
144 929
213 929
239 929
327 929
347 929
376 929
1 930
3 930
7 930
8 930
11 930
27 930
33 930
35 930
43 930
58 930
74 930
79 930
231 930
245 930
275 930
313 930
315 930
316 930
373 930
412 930
419 930
420 930
3 931
33 931
11 932
3 933
147 933
30 934
33 934
35 934
8 935
35 935
238 935
333 935
30 936
147 937
3 938
8 938
10 938
21 938
35 938
311 938
3 939
16 939
144 940
30 941
35 941
151 941
278 941
3 942
35 942
74 942
231 942
3 943
119 943
30 944
196 944
240 945
3 946
8 946
11 946
28 946
30 946
35 946
74 946
86 946
171 946
231 946
349 946
3 947
8 947
34 947
35 947
47 947
62 947
90 947
96 947
109 947
149 947
156 947
197 947
265 947
70 948
277 948
1 949
33 949
129 949
3 950
147 950
3 951
8 951
109 951
171 951
227 951
92 952
3 953
227 953
3 954
302 954
37 955
3 956
109 956
3 957
9 957
10 957
14 957
23 957
32 957
35 957
110 957
138 957
150 957
156 957
257 957
301 957
29 958
8 959
37 959
109 959
171 959
333 959
60 960
3 961
74 961
3 962
33 962
3 963
10 963
37 963
81 963
37 964
3 965
8 965
28 965
35 965
37 965
102 965
109 965
171 965
278 965
81 966
190 966
3 967
16 967
23 967
32 967
34 967
37 967
60 967
65 967
144 967
155 967
156 967
183 967
265 967
3 968
10 968
18 968
65 968
82 968
149 968
277 968
363 968
402 968
405 968
8 969
30 969
127 969
265 969
23 970
34 970
24 971
33 971
3 972
28 972
29 972
33 972
35 972
64 972
74 972
85 972
94 972
149 972
185 972
238 972
240 972
257 972
277 972
333 972
421 972
3 973
21 973
379 973
3 974
123 974
325 974
3 975
33 975
104 975
321 975
35 976
276 976
329 976
3 977
34 977
35 977
60 977
98 977
286 977
277 978
278 978
279 978
3 979
33 979
239 979
3 980
62 980
3 981
35 981
127 981
247 981
3 982
11 982
3 983
151 983
3 984
33 984
196 984
240 984
279 984
422 984
3 985
215 985
3 986
34 986
144 986
185 986
279 986
171 987
362 987
240 988
16 989
10 990
33 990
35 990
42 990
62 990
65 990
74 990
83 990
90 990
257 990
29 991
35 991
62 991
64 991
144 991
423 991
3 992
35 992
171 992
227 992
238 992
59 993
109 993
3 994
29 994
11 995
14 995
23 995
35 995
62 995
155 995
367 995
8 996
63 996
24 997
33 997
35 997
60 997
114 997
215 997
23 998
36 998
37 998
183 998
191 998
277 998
278 998
279 998
363 998
3 999
83 999
239 999
3 1000
16 1000
30 1000
35 1000
61 1000
62 1000
65 1000
82 1000
106 1000
132 1000
138 1000
149 1000
177 1000
213 1000
240 1000
277 1000
278 1000
363 1000
375 1000
385 1000
424 1000
425 1000
29 1001
30 1001
171 1002
3 1003
35 1003
53 1003
60 1003
70 1003
127 1003
129 1003
151 1003
171 1003
277 1003
278 1003
363 1003
381 1003
418 1003
11 1004
426 1005
3 1006
30 1007
74 1008
277 1009
278 1009
279 1009
3 1010
10 1010
36 1010
42 1010
53 1010
3 1011
8 1011
10 1011
35 1011
172 1011
200 1011
240 1011
243 1011
3 1012
8 1012
57 1012
58 1012
223 1012
371 1012
3 1013
8 1013
23 1013
36 1013
53 1013
171 1013
172 1013
238 1013
243 1013
278 1014
3 1015
10 1015
33 1015
60 1015
71 1015
196 1015
278 1015
279 1015
3 1016
190 1016
278 1016
3 1017
16 1017
286 1017
35 1018
65 1018
74 1018
104 1018
196 1018
277 1018
278 1018
279 1018
377 1018
83 1019
3 1020
249 1020
147 1021
33 1022
125 1022
149 1022
240 1022
327 1023
3 1024
29 1024
104 1024
208 1024
257 1024
277 1024
372 1024
74 1025
3 1026
213 1026
21 1027
33 1027
35 1027
42 1027
155 1027
305 1027
3 1028
2 1029
3 1029
8 1029
33 1029
60 1029
215 1029
221 1029
284 1029
33 1030
30 1031
33 1031
60 1031
215 1031
3 1032
8 1032
35 1032
223 1032
71 1033
83 1034
3 1035
33 1035
35 1035
61 1035
62 1035
74 1035
82 1035
90 1035
199 1035
212 1035
231 1035
3 1036
30 1036
227 1036
83 1037
9 1038
37 1039
53 1039
371 1039
3 1040
36 1040
35 1041
408 1041
33 1042
3 1043
10 1043
15 1043
24 1043
33 1043
68 1043
74 1043
223 1043
265 1043
276 1043
238 1044
129 1045
3 1046
8 1046
223 1046
282 1046
35 1047
3 1048
21 1048
65 1048
155 1048
240 1048
64 1049
32 1050
47 1050
95 1050
96 1050
260 1050
23 1051
227 1052
260 1052
3 1053
36 1053
53 1053
8 1054
28 1054
229 1054
3 1055
36 1055
53 1055
37 1056
3 1057
8 1057
11 1057
27 1057
28 1057
35 1057
79 1057
86 1057
127 1057
171 1057
198 1057
231 1057
3 1058
16 1058
17 1058
21 1058
42 1059
3 1060
10 1060
11 1060
12 1060
14 1060
21 1060
28 1060
35 1060
246 1060
28 1061
35 1061
64 1061
66 1061
67 1061
3 1062
265 1062
62 1063
65 1063
1 1064
3 1064
8 1064
27 1064
62 1064
90 1064
109 1064
197 1064
294 1064
334 1064
428 1064
429 1064
3 1065
35 1065
64 1065
66 1065
307 1066
3 1067
227 1067
33 1068
9 1069
37 1069
3 1070
61 1070
3 1071
75 1071
3 1072
61 1072
3 1073
31 1073
33 1073
83 1073
204 1073
29 1074
53 1074
208 1074
297 1074
401 1074
33 1075
68 1076
9 1077
92 1077
105 1077
208 1077
215 1077
28 1078
37 1078
138 1078
145 1078
238 1078
375 1078
71 1079
3 1080
7 1080
26 1080
35 1080
37 1080
53 1080
80 1080
130 1080
156 1080
169 1080
240 1080
277 1080
430 1080
431 1080
60 1081
65 1081
155 1081
231 1082
56 1083
3 1084
9 1084
53 1084
265 1084
3 1085
8 1085
24 1085
171 1085
302 1085
3 1086
36 1086
37 1086
3 1087
96 1087
145 1087
3 1088
35 1088
186 1088
265 1088
269 1088
286 1088
3 1089
8 1089
28 1089
35 1089
62 1089
207 1089
432 1089
3 1090
8 1090
16 1090
35 1090
61 1090
85 1090
96 1090
177 1090
212 1090
231 1090
326 1090
349 1090
398 1090
3 1091
74 1091
367 1091
3 1092
33 1092
35 1092
81 1092
144 1092
145 1092
156 1092
171 1092
227 1092
247 1092
253 1092
301 1092
3 1093
60 1093
62 1093
74 1093
138 1093
3 1094
23 1094
3 1095
8 1095
21 1095
35 1095
37 1095
263 1095
23 1096
62 1096
183 1096
304 1096
278 1097
433 1097
3 1098
35 1098
82 1098
408 1098
3 1099
35 1099
36 1099
53 1099
231 1099
282 1099
96 1100
8 1101
227 1101
3 1102
8 1102
198 1102
239 1102
30 1103
33 1103
239 1104
16 1105
28 1105
33 1105
74 1106
138 1106
278 1107
279 1107
33 1108
3 1109
17 1109
33 1109
36 1109
53 1109
70 1110
199 1110
200 1110
71 1111
3 1112
33 1112
70 1112
99 1112
277 1112
347 1112
9 1113
53 1113
3 1114
3 1115
23 1115
33 1115
34 1115
246 1115
281 1115
9 1116
62 1117
144 1117
155 1117
248 1118
3 1119
9 1119
251 1120
283 1120
37 1121
99 1121
1 1122
127 1122
223 1123
3 1124
60 1124
65 1124
183 1124
238 1124
33 1125
35 1125
3 1126
8 1126
9 1126
23 1126
26 1126
30 1126
34 1126
47 1126
53 1126
64 1126
65 1126
92 1126
96 1126
109 1126
123 1126
125 1126
128 1126
144 1126
150 1126
154 1126
155 1126
156 1126
160 1126
171 1126
191 1126
196 1126
220 1126
238 1126
243 1126
246 1126
257 1126
273 1126
277 1126
333 1126
348 1126
387 1126
434 1126
435 1126
8 1127
9 1127
24 1127
28 1127
37 1127
81 1127
197 1127
277 1127
278 1127
279 1127
127 1128
3 1129
34 1129
144 1129
414 1130
3 1131
8 1131
215 1131
3 1132
8 1132
215 1132
3 1133
277 1133
436 1133
8 1134
227 1134
3 1135
277 1135
278 1135
421 1135
33 1136
172 1136
3 1137
196 1137
278 1137
279 1137
0 1138
3 1138
8 1138
138 1138
179 1139
280 1139
33 1140
42 1140
47 1140
94 1140
257 1140
277 1140
299 1140
311 1140
407 1141
89 1142
89 1143
179 1143
232 1143
3 1144
63 1144
119 1144
3 1145
8 1145
109 1145
157 1145
160 1145
197 1145
3 1146
35 1146
265 1146
28 1147
33 1147
35 1147
61 1147
3 1148
70 1148
11 1149
36 1150
195 1150
320 1150
3 1151
8 1151
26 1151
29 1151
31 1151
35 1151
86 1151
172 1151
227 1151
277 1151
302 1151
438 1151
3 1152
21 1152
3 1153
8 1153
74 1153
86 1153
321 1153
60 1154
10 1155
33 1155
35 1155
37 1155
109 1155
137 1155
171 1155
294 1155
301 1155
81 1156
3 1157
35 1157
60 1157
89 1157
144 1157
356 1157
363 1157
8 1158
171 1158
226 1158
227 1158
243 1158
301 1158
3 1159
11 1159
147 1160
35 1161
60 1161
155 1161
36 1162
199 1162
200 1162
239 1162
324 1162
36 1163
3 1164
8 1164
28 1164
215 1164
263 1164
10 1165
28 1165
66 1165
36 1166
278 1166
368 1166
439 1166
3 1167
8 1167
28 1167
35 1167
63 1167
207 1167
3 1168
98 1168
7 1169
129 1169
23 1170
34 1170
143 1170
3 1171
9 1171
16 1171
30 1171
3 1172
8 1172
35 1172
37 1172
81 1172
135 1172
238 1172
247 1172
326 1172
392 1172
399 1172
215 1173
129 1174
9 1175
1 1176
3 1176
33 1176
35 1176
64 1176
67 1176
144 1176
311 1176
414 1176
9 1177
37 1177
36 1178
153 1178
278 1178
316 1178
440 1178
1 1179
2 1179
3 1179
34 1179
42 1179
62 1179
116 1179
151 1179
183 1179
220 1179
254 1179
268 1179
316 1179
329 1179
381 1179
423 1179
441 1179
28 1180
30 1180
33 1180
35 1180
37 1180
81 1180
86 1180
146 1180
248 1180
300 1180
347 1180
442 1180
443 1180
1 1181
3 1181
8 1181
9 1181
10 1181
35 1181
61 1181
62 1181
77 1181
86 1181
96 1181
138 1181
156 1181
231 1181
239 1181
285 1181
292 1181
329 1181
444 1181
3 1182
35 1182
74 1182
9 1183
37 1183
71 1183
407 1184
61 1185
119 1185
138 1185
283 1185
35 1186
141 1186
144 1186
239 1186
81 1187
19 1188
64 1188
81 1189
149 1189
414 1189
325 1190
37 1191
171 1192
32 1193
35 1194
74 1194
144 1194
3 1195
10 1195
26 1195
28 1195
33 1195
35 1195
36 1195
37 1195
42 1195
53 1195
57 1195
62 1195
94 1195
96 1195
104 1195
156 1195
213 1195
263 1195
297 1195
326 1195
8 1196
17 1196
239 1197
11 1198
3 1199
154 1199
289 1199
3 1200
37 1200
60 1200
65 1200
155 1200
183 1200
36 1201
37 1201
426 1201
3 1202
17 1202
28 1202
33 1202
34 1202
35 1202
154 1202
155 1202
183 1202
223 1202
141 1203
35 1204
61 1204
36 1205
195 1205
3 1206
37 1206
47 1206
118 1206
156 1206
230 1207
18 1208
298 1208
3 1209
8 1209
28 1209
35 1209
86 1209
36 1210
37 1210
397 1210
35 1211
132 1212
178 1212
307 1212
92 1213
106 1213
257 1213
277 1213
421 1213
3 1214
34 1214
144 1214
183 1214
404 1214
203 1215
303 1216
59 1217
8 1218
14 1218
16 1218
182 1218
306 1218
311 1218
3 1219
11 1219
3 1220
8 1220
157 1220
160 1220
172 1220
237 1220
247 1220
333 1220
3 1221
47 1221
96 1221
156 1221
203 1221
60 1222
65 1222
155 1222
60 1223
65 1223
155 1223
208 1224
147 1225
3 1226
21 1226
311 1226
435 1226
1 1227
3 1227
8 1227
11 1227
17 1227
24 1227
29 1227
30 1227
31 1227
33 1227
35 1227
60 1227
65 1227
80 1227
81 1227
86 1227
123 1227
155 1227
174 1227
208 1227
258 1227
390 1227
393 1227
3 1228
9 1228
10 1228
29 1228
37 1228
221 1228
227 1228
23 1229
34 1229
8 1230
14 1230
3 1231
8 1231
28 1231
63 1231
86 1231
98 1231
3 1232
9 1232
10 1232
36 1232
53 1232
62 1232
90 1232
92 1232
98 1232
265 1232
71 1233
31 1234
30 1235
31 1235
147 1235
29 1236
92 1236
260 1237
59 1238
105 1238
3 1239
8 1239
35 1239
60 1239
215 1239
239 1239
147 1240
1 1241
3 1241
8 1241
29 1241
60 1241
99 1241
199 1241
200 1241
215 1241
284 1241
298 1241
9 1242
62 1242
265 1243
0 1244
3 1244
8 1244
30 1244
33 1244
35 1244
42 1244
62 1244
77 1244
78 1244
95 1244
156 1244
168 1244
171 1244
220 1244
231 1244
243 1244
254 1244
265 1244
321 1244
330 1244
332 1244
340 1244
384 1244
429 1244
440 1244
408 1245
63 1246
133 1246
240 1246
326 1246
367 1246
34 1247
42 1247
155 1247
3 1248
60 1248
62 1248
155 1248
3 1249
28 1249
35 1249
61 1249
109 1249
141 1249
171 1249
2 1250
277 1251
21 1252
3 1253
8 1253
35 1253
376 1253
23 1254
155 1254
332 1254
370 1254
66 1255
137 1255
276 1255
445 1255
81 1256
418 1256
3 1257
28 1257
34 1257
63 1257
144 1257
3 1258
20 1258
35 1258
42 1258
43 1258
53 1258
62 1258
81 1258
156 1258
222 1258
321 1258
354 1258
129 1259
149 1259
9 1260
60 1260
3 1261
65 1261
80 1261
265 1261
278 1262
0 1263
3 1264
8 1264
163 1264
167 1264
172 1264
293 1264
434 1264
3 1265
8 1265
35 1265
38 1265
157 1265
171 1265
226 1265
227 1265
238 1265
240 1265
329 1266
3 1267
35 1267
64 1267
66 1267
3 1268
149 1268
185 1268
8 1269
288 1270
327 1271
227 1272
42 1273
47 1273
118 1273
3 1274
83 1274
3 1275
265 1275
3 1276
10 1276
36 1276
37 1276
53 1276
135 1276
129 1277
3 1278
9 1278
42 1278
18 1279
395 1279
3 1280
26 1280
37 1280
60 1280
65 1280
121 1280
155 1280
30 1281
37 1281
70 1281
81 1281
3 1282
240 1282
3 1283
8 1283
9 1283
26 1283
37 1283
39 1283
42 1283
53 1283
60 1283
64 1283
65 1283
74 1283
92 1283
96 1283
106 1283
118 1283
172 1283
277 1283
294 1283
300 1283
363 1283
395 1283
398 1283
446 1283
447 1283
33 1284
1 1285
92 1285
60 1286
3 1287
18 1287
71 1287
240 1287
109 1288
265 1289
34 1290
143 1290
201 1290
9 1291
33 1291
74 1291
240 1292
33 1293
60 1293
42 1294
110 1294
71 1295
144 1296
3 1297
8 1297
10 1297
28 1297
35 1297
215 1297
3 1298
8 1298
11 1298
17 1298
35 1298
42 1298
74 1298
85 1298
138 1298
160 1298
193 1298
208 1298
3 1299
83 1299
112 1299
121 1299
178 1299
9 1300
61 1301
85 1301
231 1301
349 1301
3 1302
17 1302
223 1302
21 1303
35 1303
42 1303
199 1303
267 1303
283 1303
311 1303
438 1303
448 1303
83 1304
110 1304
0 1305
8 1305
127 1305
171 1305
2 1306
3 1306
21 1306
35 1306
60 1306
82 1306
437 1306
449 1306
327 1307
150 1308
3 1309
8 1309
37 1309
76 1309
30 1310
92 1310
215 1311
23 1312
26 1312
34 1312
35 1312
183 1312
377 1312
24 1313
3 1314
83 1314
215 1314
240 1315
301 1315
64 1316
129 1316
1 1317
3 1317
35 1317
89 1317
177 1317
239 1317
240 1317
326 1318
2 1319
3 1319
35 1319
8 1320
3 1321
42 1321
60 1321
65 1321
155 1321
21 1322
35 1322
42 1322
64 1322
27 1323
240 1323
324 1323
1 1324
35 1324
74 1324
105 1324
231 1324
302 1324
83 1325
3 1326
234 1326
1 1327
3 1327
8 1327
30 1327
42 1327
65 1327
77 1327
86 1327
99 1327
118 1327
144 1327
156 1327
208 1327
239 1327
327 1327
450 1327
138 1328
10 1329
33 1330
35 1331
127 1331
301 1331
302 1331
3 1332
227 1332
247 1332
325 1332
71 1333
143 1333
26 1334
38 1334
277 1334
8 1335
38 1335
157 1335
3 1336
8 1336
167 1336
229 1336
3 1337
60 1337
86 1337
110 1338
3 1339
47 1339
96 1339
203 1339
8 1340
171 1340
226 1340
9 1341
33 1341
3 1342
8 1342
16 1342
214 1343
149 1344
33 1345
37 1345
65 1345
3 1346
83 1346
425 1347
3 1348
8 1348
33 1348
35 1348
300 1348
33 1349
42 1349
17 1350
3 1351
80 1351
0 1352
8 1352
33 1352
35 1352
171 1352
239 1353
3 1354
11 1354
17 1355
230 1356
8 1357
83 1357
138 1357
60 1358
30 1359
17 1360
29 1361
92 1361
277 1362
278 1362
279 1362
171 1363
3 1364
63 1364
104 1365
17 1366
23 1366
65 1366
3 1367
214 1367
3 1368
239 1368
80 1369
105 1370
19 1371
28 1371
64 1371
242 1371
311 1371
385 1371
3 1372
17 1372
21 1372
79 1372
175 1372
71 1373
239 1373
3 1374
24 1374
35 1374
74 1374
89 1374
230 1374
3 1375
30 1375
37 1375
303 1376
0 1377
8 1377
10 1377
63 1377
171 1377
277 1378
19 1379
64 1379
67 1379
9 1380
37 1380
81 1380
23 1381
60 1382
3 1383
35 1383
74 1383
118 1383
154 1383
228 1383
239 1383
247 1383
144 1384
33 1385
35 1385
3 1386
8 1386
27 1386
35 1386
86 1386
198 1386
263 1386
83 1387
135 1387
35 1388
3 1389
35 1389
60 1389
85 1389
3 1390
11 1390
3 1391
33 1391
62 1391
90 1391
429 1391
239 1392
3 1393
35 1393
60 1393
74 1393
231 1393
276 1393
33 1394
414 1394
33 1395
37 1395
147 1395
3 1396
30 1396
35 1396
74 1396
3 1397
35 1397
64 1397
74 1397
193 1397
231 1397
3 1398
33 1398
71 1398
3 1399
171 1399
265 1399
379 1399
37 1400
47 1400
118 1400
156 1400
9 1401
276 1402
3 1403
9 1403
17 1404
144 1405
33 1406
37 1406
59 1406
60 1407
8 1408
63 1408
207 1408
283 1409
33 1410
239 1411
3 1412
64 1412
283 1412
3 1413
33 1413
35 1413
37 1413
61 1413
94 1413
92 1414
156 1414
215 1415
71 1416
247 1417
8 1418
28 1418
33 1418
63 1418
225 1418
58 1419
371 1419
3 1420
8 1420
28 1420
65 1420
86 1420
1 1421
9 1421
53 1421
129 1421
149 1421
156 1421
240 1421
3 1422
17 1422
280 1423
3 1424
35 1424
64 1424
66 1424
26 1425
240 1425
257 1425
277 1425
421 1425
3 1426
35 1426
71 1426
109 1426
155 1426
167 1426
171 1426
289 1426
307 1426
425 1426
445 1426
3 1427
83 1427
208 1427
301 1427
3 1428
9 1428
30 1428
31 1428
35 1428
42 1428
81 1428
104 1428
105 1428
228 1428
311 1428
451 1428
11 1429
33 1429
3 1430
60 1430
215 1430
263 1430
374 1430
3 1431
35 1431
71 1431
85 1431
398 1431
47 1432
119 1432
363 1432
3 1433
9 1433
37 1433
102 1434
373 1435
3 1436
215 1436
21 1437
35 1437
62 1437
62 1438
65 1438
17 1439
30 1439
33 1439
35 1439
37 1439
96 1440
326 1440
30 1441
30 1442
452 1442
3 1443
8 1443
35 1443
86 1443
300 1443
314 1443
29 1444
3 1445
17 1445
207 1445
453 1445
240 1446
8 1447
33 1447
35 1447
231 1447
3 1448
8 1448
60 1448
144 1448
283 1448
3 1449
31 1449
26 1450
34 1450
65 1450
155 1450
202 1450
239 1451
26 1452
2 1453
3 1453
8 1453
33 1453
35 1453
70 1453
221 1453
239 1453
328 1453
35 1454
32 1455
34 1455
3 1456
21 1456
71 1457
3 1458
215 1458
3 1459
10 1459
36 1459
60 1459
63 1460
98 1460
8 1461
60 1461
215 1461
60 1462
3 1463
35 1463
37 1463
42 1463
57 1463
60 1463
96 1463
99 1463
204 1463
262 1463
3 1464
11 1464
86 1464
300 1464
283 1465
1 1466
3 1466
30 1466
99 1466
3 1467
8 1467
35 1467
127 1467
157 1467
171 1467
302 1467
105 1468
3 1469
8 1469
10 1469
20 1469
30 1469
33 1469
35 1469
60 1469
61 1469
74 1469
85 1469
215 1469
231 1469
347 1469
3 1470
8 1470
28 1470
30 1470
35 1470
106 1470
223 1470
326 1470
427 1470
303 1471
14 1472
3 1473
81 1473
104 1473
34 1474
105 1474
1 1475
8 1475
28 1475
35 1475
64 1475
81 1475
227 1475
242 1475
311 1475
3 1476
35 1476
105 1476
24 1477
3 1478
8 1478
9 1478
109 1478
171 1478
151 1479
8 1480
64 1480
92 1480
242 1480
251 1480
8 1481
302 1481
3 1482
28 1482
138 1482
242 1483
250 1483
3 1484
8 1484
171 1484
227 1484
3 1485
19 1485
86 1485
149 1485
240 1485
8 1486
239 1486
3 1487
37 1487
81 1487
294 1487
451 1487
8 1488
99 1488
171 1488
239 1488
70 1489
35 1490
3 1491
105 1491
3 1492
11 1492
83 1493
193 1493
3 1494
81 1494
227 1494
238 1494
81 1495
129 1495
144 1495
3 1496
65 1496
127 1496
33 1497
167 1497
33 1498
26 1499
279 1499
8 1500
157 1500
3 1501
8 1501
160 1501
171 1501
172 1501
454 1501
248 1502
10 1503
18 1503
29 1503
37 1503
62 1503
81 1503
129 1503
240 1503
325 1504
455 1504
138 1505
8 1506
35 1506
62 1506
283 1507
3 1508
8 1508
23 1508
34 1508
86 1508
155 1508
300 1508
33 1509
9 1510
23 1510
83 1510
129 1510
149 1510
227 1510
10 1511
60 1511
109 1511
171 1511
239 1512
3 1513
30 1513
172 1513
1 1514
3 1514
8 1514
9 1514
12 1514
18 1514
23 1514
28 1514
34 1514
35 1514
38 1514
53 1514
61 1514
75 1514
82 1514
89 1514
98 1514
127 1514
144 1514
183 1514
254 1514
456 1514
457 1514
92 1515
98 1515
262 1515
26 1516
122 1516
3 1517
225 1517
195 1518
3 1519
60 1519
62 1519
3 1520
3 1521
142 1521
33 1522
284 1522
3 1523
35 1523
37 1523
81 1523
53 1524
263 1525
3 1526
28 1526
33 1526
35 1526
65 1526
83 1526
90 1526
265 1526
311 1526
3 1527
83 1527
24 1528
80 1528
129 1528
149 1528
286 1529
3 1530
24 1531
105 1532
373 1532
33 1533
59 1533
60 1533
138 1533
80 1534
151 1535
62 1536
3 1537
137 1537
59 1538
229 1538
215 1539
28 1540
35 1540
307 1540
3 1541
213 1541
35 1542
99 1542
3 1543
24 1544
71 1544
10 1545
36 1545
3 1546
105 1546
286 1546
208 1547
26 1548
414 1549
321 1550
3 1551
33 1551
42 1551
65 1551
71 1551
183 1551
262 1551
1 1552
24 1552
35 1552
58 1552
349 1552
445 1552
8 1553
38 1553
226 1553
8 1554
171 1554
243 1554
242 1555
10 1556
35 1557
215 1557
144 1558
414 1559
286 1560
3 1561
8 1561
109 1561
171 1561
301 1561
33 1562
65 1563
286 1563
3 1564
8 1564
61 1564
63 1564
109 1564
171 1564
247 1564
301 1564
145 1565
260 1565
3 1566
3 1567
7 1567
8 1567
27 1567
35 1567
37 1567
127 1567
128 1567
191 1567
279 1567
302 1567
324 1567
8 1568
33 1568
215 1568
8 1569
19 1569
28 1569
35 1569
64 1569
11 1570
38 1570
98 1570
1 1571
3 1571
8 1571
12 1571
65 1571
68 1571
81 1571
171 1571
26 1572
60 1572
63 1572
98 1572
225 1572
33 1573
35 1573
151 1573
231 1573
445 1573
3 1574
9 1574
10 1574
37 1574
3 1575
8 1575
26 1575
35 1575
36 1575
47 1575
53 1575
70 1575
74 1575
81 1575
85 1575
118 1575
122 1575
149 1575
171 1575
172 1575
208 1575
225 1575
238 1575
263 1575
276 1575
284 1575
286 1575
376 1575
60 1576
65 1576
81 1576
155 1576
239 1576
3 1577
9 1577
10 1577
16 1577
18 1577
20 1577
23 1577
30 1577
34 1577
37 1577
42 1577
47 1577
62 1577
63 1577
65 1577
79 1577
80 1577
89 1577
90 1577
92 1577
94 1577
98 1577
125 1577
127 1577
138 1577
156 1577
172 1577
203 1577
204 1577
212 1577
231 1577
246 1577
265 1577
299 1577
311 1577
331 1577
343 1577
347 1577
362 1577
367 1577
390 1577
429 1577
453 1577
3 1578
30 1578
171 1579
227 1579
66 1580
70 1581
142 1581
373 1582
3 1583
31 1583
37 1583
70 1583
3 1584
135 1584
30 1585
29 1586
144 1587
8 1588
215 1588
33 1589
144 1589
19 1590
64 1590
242 1590
3 1591
33 1591
35 1591
58 1591
31 1592
208 1592
26 1593
37 1593
62 1593
122 1593
257 1593
401 1593
1 1594
3 1594
28 1594
42 1594
65 1594
373 1594
458 1594
42 1595
35 1596
64 1596
8 1597
35 1597
160 1597
171 1597
177 1597
35 1598
333 1598
23 1599
64 1600
65 1600
248 1600
11 1601
49 1601
229 1601
3 1602
311 1602
3 1603
8 1603
28 1603
33 1603
35 1603
37 1603
74 1603
85 1603
171 1603
193 1603
243 1603
347 1603
383 1603
3 1604
28 1604
33 1604
63 1604
129 1604
240 1604
3 1605
8 1605
127 1605
144 1605
171 1605
227 1605
414 1605
3 1606
33 1606
60 1606
9 1607
42 1607
62 1607
35 1608
64 1608
38 1609
3 1610
8 1610
11 1610
33 1610
3 1611
307 1611
3 1612
24 1612
80 1612
3 1613
34 1613
144 1613
57 1614
3 1615
26 1615
191 1615
279 1615
3 1616
286 1616
8 1617
35 1617
333 1617
10 1618
37 1618
0 1619
227 1620
33 1621
35 1621
57 1621
8 1622
28 1622
167 1622
229 1622
445 1622
62 1623
396 1623
26 1624
191 1624
279 1624
60 1625
8 1626
30 1626
35 1626
65 1626
94 1626
109 1626
171 1626
277 1626
3 1627
243 1627
3 1628
3 1629
60 1629
62 1629
155 1629
3 1630
19 1630
26 1630
64 1630
67 1630
328 1630
35 1631
64 1631
66 1631
3 1632
105 1632
3 1633
8 1633
9 1633
23 1633
28 1633
29 1633
30 1633
33 1633
34 1633
37 1633
38 1633
42 1633
78 1633
82 1633
85 1633
86 1633
90 1633
95 1633
98 1633
106 1633
109 1633
118 1633
128 1633
135 1633
142 1633
144 1633
156 1633
171 1633
172 1633
203 1633
296 1633
300 1633
301 1633
3 1634
160 1634
227 1634
31 1635
105 1635
35 1636
240 1636
459 1636
3 1637
265 1637
331 1637
310 1638
239 1639
240 1640
10 1641
135 1641
3 1642
83 1642
172 1642
227 1642
333 1642
11 1643
60 1643
3 1644
42 1644
65 1644
321 1644
19 1645
64 1645
66 1645
3 1646
11 1646
263 1647
3 1648
185 1648
34 1649
155 1649
3 1650
30 1650
37 1650
3 1651
8 1651
38 1651
53 1651
109 1651
133 1651
171 1651
3 1652
239 1652
29 1653
30 1654
3 1655
42 1655
325 1655
3 1656
26 1656
37 1656
47 1656
156 1656
277 1656
326 1656
24 1657
129 1657
3 1658
8 1658
35 1658
42 1658
53 1658
81 1658
172 1658
227 1658
262 1658
301 1658
26 1659
122 1659
3 1660
36 1660
59 1660
215 1660
283 1660
327 1660
8 1661
171 1661
1 1662
144 1663
3 1664
11 1664
33 1664
42 1664
47 1664
118 1664
156 1664
33 1665
35 1665
74 1666
3 1667
74 1667
147 1668
277 1669
3 1670
11 1670
33 1670
223 1670
3 1671
63 1671
326 1671
3 1672
33 1672
62 1672
154 1672
71 1673
149 1674
1 1675
171 1675
3 1676
20 1676
28 1676
35 1676
37 1676
138 1676
246 1676
321 1676
429 1676
3 1677
8 1677
215 1677
3 1678
35 1678
85 1678
327 1678
408 1678
425 1678
445 1678
460 1678
3 1679
8 1679
26 1679
34 1679
38 1679
130 1679
157 1679
172 1679
277 1679
3 1680
74 1680
9 1681
37 1681
58 1682
392 1682
3 1683
185 1683
3 1684
132 1684
367 1684
10 1685
9 1686
98 1687
3 1688
24 1688
37 1688
99 1688
3 1689
257 1689
277 1689
381 1689
421 1689
436 1689
37 1690
59 1690
144 1690
10 1691
42 1691
37 1692
133 1692
460 1692
19 1693
179 1693
248 1693
144 1694
98 1695
138 1695
33 1696
239 1697
57 1698
14 1699
8 1700
23 1700
130 1700
171 1700
362 1700
83 1701
109 1702
3 1703
9 1703
10 1703
33 1704
33 1705
160 1706
3 1707
8 1707
29 1707
263 1707
35 1708
74 1708
23 1709
26 1710
277 1710
414 1711
29 1712
3 1713
33 1713
329 1713
179 1714
3 1715
160 1715
33 1716
58 1716
3 1717
16 1717
221 1717
239 1718
3 1719
28 1719
33 1719
35 1719
58 1719
81 1719
125 1719
207 1719
3 1720
21 1720
3 1721
9 1721
57 1721
215 1721
243 1722
3 1723
60 1723
3 1724
260 1724
26 1725
436 1725
3 1726
239 1726
1 1727
3 1728
8 1728
9 1728
10 1728
59 1728
68 1728
238 1729
53 1730
65 1730
9 1731
35 1731
208 1731
265 1731
3 1732
8 1732
28 1732
86 1732
3 1733
35 1733
114 1733
179 1733
265 1733
8 1734
171 1734
227 1734
3 1735
8 1735
58 1735
86 1735
392 1735
9 1736
129 1736
0 1737
3 1737
154 1738
183 1738
3 1739
8 1739
11 1739
243 1739
265 1739
302 1739
1 1740
3 1740
30 1740
3 1741
133 1741
320 1741
16 1742
61 1742
63 1742
65 1742
89 1742
215 1742
3 1743
9 1743
18 1743
33 1743
37 1743
70 1743
178 1743
185 1743
277 1743
381 1743
436 1743
8 1744
66 1744
392 1744
240 1745
3 1746
35 1746
74 1746
377 1746
3 1747
25 1747
26 1747
279 1747
26 1748
3 1749
8 1749
35 1749
157 1749
3 1750
35 1750
60 1750
370 1750
3 1751
8 1751
86 1751
3 1752
17 1752
3 1753
64 1753
299 1753
311 1753
3 1754
114 1754
1 1755
33 1755
53 1756
3 1757
10 1757
62 1757
90 1757
461 1757
98 1758
138 1758
193 1758
260 1759
384 1759
462 1759
3 1760
81 1760
3 1761
81 1761
327 1762
65 1763
11 1764
3 1765
8 1765
215 1765
26 1766
33 1766
8 1767
109 1767
171 1767
37 1768
94 1769
144 1769
3 1770
327 1770
14 1771
144 1771
1 1772
3 1772
36 1772
37 1772
1 1773
3 1773
33 1773
215 1773
24 1774
3 1775
23 1775
33 1775
34 1775
35 1775
58 1775
61 1775
144 1775
155 1775
392 1775
74 1776
35 1777
60 1777
3 1778
74 1778
8 1779
406 1779
144 1780
3 1781
28 1781
35 1781
67 1781
70 1781
106 1781
277 1781
2 1782
3 1783
221 1783
414 1784
313 1785
3 1786
33 1786
63 1786
145 1786
240 1786
3 1787
105 1787
26 1788
191 1788
3 1789
64 1789
66 1789
395 1789
3 1790
227 1790
35 1791
36 1791
74 1791
83 1791
133 1791
321 1791
414 1791
8 1792
85 1792
265 1792
3 1793
33 1794
3 1795
8 1795
160 1795
171 1795
1 1796
3 1796
31 1796
109 1797
35 1798
71 1799
302 1799
3 1800
8 1800
109 1800
171 1800
247 1801
3 1802
98 1802
3 1803
144 1803
3 1804
35 1804
81 1804
83 1804
179 1804
14 1805
141 1805
29 1806
3 1807
28 1807
239 1807
36 1808
144 1808
7 1809
33 1810
144 1810
3 1811
160 1811
3 1812
33 1812
63 1812
98 1812
243 1812
263 1812
265 1812
3 1813
133 1813
3 1814
30 1814
33 1815
99 1815
439 1816
26 1817
35 1818
64 1818
138 1818
311 1818
3 1819
227 1819
3 1820
8 1820
37 1820
86 1820
35 1821
74 1821
231 1821
242 1821
283 1821
367 1821
286 1822
37 1823
62 1823
65 1823
389 1823
33 1824
3 1825
9 1825
60 1825
65 1825
94 1825
155 1825
246 1825
33 1826
35 1826
356 1826
414 1826
94 1827
3 1828
23 1828
155 1828
83 1829
300 1830
63 1831
3 1832
227 1832
321 1833
125 1834
33 1835
414 1835
3 1836
35 1836
231 1836
243 1836
320 1836
3 1837
21 1837
7 1838
29 1838
33 1838
42 1838
125 1838
208 1838
3 1839
11 1839
33 1839
35 1839
57 1839
65 1839
74 1839
375 1839
437 1839
3 1840
155 1840
9 1841
42 1841
325 1841
102 1842
119 1842
42 1843
102 1844
119 1844
447 1844
90 1845
8 1846
35 1846
63 1846
35 1847
9 1848
3 1849
28 1849
35 1849
64 1849
66 1849
144 1849
203 1849
463 1849
35 1850
130 1850
33 1851
239 1851
0 1852
109 1853
197 1853
0 1854
74 1854
16 1855
141 1855
30 1856
30 1857
58 1857
363 1857
392 1857
30 1858
208 1858
238 1858
3 1859
28 1859
35 1859
147 1859
1 1860
3 1860
8 1860
9 1860
11 1860
30 1860
33 1860
47 1860
57 1860
60 1860
65 1860
92 1860
96 1860
194 1860
215 1860
464 1860
3 1861
32 1861
35 1861
74 1861
156 1861
185 1861
370 1861
3 1862
23 1862
34 1862
53 1862
3 1863
171 1863
227 1863
3 1864
26 1864
196 1864
277 1864
279 1864
3 1865
37 1865
156 1865
326 1865
3 1866
7 1866
23 1866
34 1866
183 1866
265 1866
465 1866
3 1867
8 1867
19 1867
35 1867
82 1867
227 1867
276 1867
463 1867
3 1868
64 1868
257 1868
277 1868
11 1869
10 1870
3 1871
10 1871
35 1871
362 1871
37 1872
14 1873
60 1873
65 1873
155 1873
14 1874
37 1875
109 1875
466 1875
3 1876
23 1876
34 1876
155 1876
3 1877
60 1877
65 1877
155 1877
302 1878
238 1879
38 1880
37 1881
3 1882
8 1882
30 1882
35 1882
37 1882
38 1882
42 1882
157 1882
171 1882
226 1882
247 1882
357 1882
3 1883
8 1883
35 1883
157 1883
171 1883
227 1883
238 1883
289 1883
301 1883
34 1884
42 1884
3 1885
277 1885
33 1886
321 1886
329 1886
9 1887
34 1887
3 1888
70 1888
286 1888
129 1889
149 1889
105 1890
3 1891
129 1891
33 1892
57 1892
0 1893
238 1894
247 1894
28 1895
35 1895
144 1895
9 1896
28 1896
57 1896
82 1896
331 1896
105 1897
3 1898
19 1898
23 1898
96 1898
155 1898
156 1898
326 1898
3 1899
35 1899
90 1899
62 1900
321 1900
138 1901
215 1901
0 1902
3 1902
8 1902
149 1902
171 1902
240 1902
301 1902
35 1903
177 1903
215 1903
8 1904
32 1904
33 1904
47 1904
92 1904
98 1904
108 1904
239 1904
245 1904
301 1904
340 1904
467 1904
3 1905
74 1905
23 1906
3 1907
65 1907
155 1907
396 1907
8 1908
35 1908
63 1908
37 1909
42 1910
118 1910
156 1910
227 1911
277 1912
216 1913
418 1913
3 1914
332 1914
9 1915
10 1915
34 1915
3 1916
301 1916
3 1917
8 1917
376 1917
33 1918
455 1919
3 1920
33 1920
64 1920
109 1920
171 1920
36 1921
37 1921
16 1922
33 1922
1 1923
3 1924
128 1924
232 1924
3 1925
19 1925
23 1925
34 1925
47 1925
91 1925
105 1925
116 1925
143 1925
238 1925
284 1925
326 1925
438 1925
467 1925
57 1926
3 1927
19 1927
135 1927
35 1928
229 1928
3 1929
9 1929
23 1929
37 1929
42 1929
80 1929
185 1929
280 1929
23 1930
34 1930
155 1930
30 1931
3 1932
19 1932
33 1932
35 1932
64 1932
242 1932
135 1933
3 1934
118 1934
102 1935
60 1936
26 1937
239 1938
154 1939
155 1939
3 1940
11 1940
33 1941
26 1942
3 1943
26 1943
63 1943
98 1943
3 1944
109 1944
3 1945
14 1945
36 1945
